$SPEC_ID:
No sample description was entered.
$SPEC_REM:
DET# 1
DETDESC# YESUM2222 MCB 25
AP# Maestro Version 6.06
$DATE_MEA:
06/19/2016 11:52:31
$MEAS_TIM:
1201 1202
$DATA:
0 2047
       0
       0
       0
       0
       0
       0
       0
       0
       0
       0
       0
       0
       0
      15
    1644
    2486
    2125
    2033
    1823
    1746
    1619
    1545
    1451
    1416
    1405
    1456
    1420
    1310
    1159
    1065
     972
     935
     857
     748
     750
     667
     652
     620
     540
     514
     448
     417
     405
     400
     326
     315
     284
     280
     228
     211
     215
     175
     152
     153
     139
     115
     121
     118
      90
      70
      84
      74
      57
      55
      55
      38
      41
      47
      48
      28
      40
      31
      22
      34
      19
      23
      22
      15
      20
      14
      13
      14
       5
       8
      13
       6
      10
       9
      10
       7
       6
       5
       6
      10
       6
       4
       5
       5
       4
       3
       2
       3
       4
       7
       2
       1
       0
       1
       3
       2
       2
       4
       1
       3
       2
       1
       2
       1
       2
       3
       4
       0
       2
       1
       0
       1
       1
       0
       3
       1
       0
       2
       3
       0
       0
       3
       2
       1
       1
       0
       0
       2
       2
       0
       4
       1
       0
       2
       3
       1
       1
       1
       3
       2
       1
       0
       0
       1
       2
       0
       0
       2
       1
       3
       2
       0
       6
       3
       0
       2
       0
       2
       1
       2
       3
       2
       1
       0
       1
       1
       1
       1
       0
       1
       0
       1
       3
       2
       1
       2
       3
       3
       0
       3
       2
       1
       0
       5
       0
       2
       0
       1
       1
       1
       0
       2
       2
       1
       1
       2
       4
       3
       1
       4
       0
       1
       1
       1
       2
       1
       2
       2
       1
       1
       0
       1
       3
       0
       1
       4
       0
       3
       4
       3
       2
       4
       4
       3
       1
       2
       1
       0
       0
       3
       2
       0
       1
       1
       0
       1
       0
       2
       2
       2
       3
       1
       1
       1
       1
       1
       1
       1
       1
       1
       2
       1
       2
       2
       2
       3
       2
       1
       2
       1
       2
       1
       3
       4
       1
       1
       2
       1
       3
       2
       8
       1
       1
       0
       1
       1
       1
       2
       3
       2
       0
       1
       1
       3
       4
       4
       0
       1
       2
       1
       1
       0
       1
       2
       0
       1
       1
       1
       2
       1
       1
       1
       2
       2
       2
       4
       1
       0
       4
       0
       1
       1
       1
       4
       2
       2
       2
       1
       1
       2
       1
       2
       4
       1
       1
       2
       0
       1
       2
       3
       1
       3
       1
       2
       1
       1
       2
       0
       1
       1
       3
       4
       2
       1
       3
       1
       3
       2
       3
       2
       1
       1
       2
       1
       0
       2
       2
       3
       0
       0
       1
       1
       2
       2
       2
       2
       3
       2
       2
       3
       3
       2
       1
       0
       2
       3
       1
       2
       2
       0
       4
       0
       1
       0
       0
       1
       1
       2
       4
       2
       2
       5
       3
       1
       2
       1
       1
       2
       2
       2
       3
       2
       1
       1
       3
       1
       0
       1
       3
       2
       0
       3
       2
       3
       1
       2
       2
       0
       0
       2
       1
       1
       1
       1
       1
       3
       0
       4
       0
       0
       2
       3
       1
       0
       0
       3
       3
       3
       1
       1
       1
       0
       0
       0
       1
       1
       1
       3
       3
       5
       0
       1
       4
       1
       3
       0
       2
       3
       6
       1
       0
       0
       2
       2
       2
       2
       1
       1
       3
       2
       1
       3
       3
       1
       2
       0
       0
       1
       2
       2
       1
       1
       0
       2
       1
       4
       4
       2
       5
       1
       4
       1
       3
       2
       4
       0
       1
       1
       1
       3
       1
       3
       2
       1
       1
       1
       1
       0
       2
       3
       3
       3
       0
       3
       2
       0
       0
       2
       3
       1
       1
       1
       1
       2
       2
       2
       2
       2
       2
       1
       2
       2
       0
       0
       5
       4
       1
       6
       1
       2
       6
       0
       3
       1
       5
       1
       0
       0
       4
       1
       3
       1
       1
       1
       0
       1
       1
       0
       3
       2
       1
       2
       2
       3
       2
       3
       1
       1
       0
       6
       3
       2
       2
       4
       4
       2
       1
       0
       4
       5
       5
       3
       2
       1
       0
       1
       2
       3
       2
       1
       0
       3
       2
       0
       2
       2
       2
       1
       0
       0
       0
       1
       1
       2
       1
       1
       4
       2
       2
       2
       4
       3
       2
       3
       1
       2
       1
       1
       4
       1
       2
       1
       3
       2
       2
       2
       4
       1
       3
       1
       0
       5
       0
       3
       0
       2
       2
       1
       1
       1
       1
       3
       2
       2
       1
       1
       1
       4
       3
       1
       3
       3
       0
       4
       2
       3
       2
       3
       5
       6
       6
       3
       0
       2
       4
       0
       3
       4
       0
       2
       1
       1
       0
       6
       1
       1
       2
       2
       2
       4
       1
       1
       1
       1
       4
       1
       0
       4
       6
       2
       3
       1
       3
       1
       1
       1
       2
       0
       6
       5
       5
       3
       4
       3
       4
       5
       0
       5
       2
       0
       4
       1
       4
       3
       1
       2
       2
       5
       1
       6
       3
       3
       5
       1
       2
       1
       4
       0
       4
       1
       5
       5
       2
       1
       1
       4
       2
       2
       5
       4
       1
       1
       1
       2
       5
       4
       2
       2
       1
       2
       6
       6
       1
       6
       4
       5
       2
       4
       1
       3
       1
       5
       6
       4
       3
       1
       5
       1
       2
       4
       5
       6
       5
       2
       1
       1
       2
       3
       2
       3
       1
       1
       4
       4
       0
       2
       6
       4
       5
       5
       3
       2
       6
       0
       4
       4
       3
       4
       4
       3
       2
       3
       5
       4
       0
       5
       5
       4
       6
       2
       2
       5
       2
       1
       2
       5
       2
       2
       4
       3
       5
       6
       5
       2
      10
       8
       9
       6
       5
       5
       6
       7
       5
       5
       4
       9
       3
       9
       7
       3
       4
       4
       4
       5
       5
       5
       8
       4
      12
      10
       6
       2
       7
       8
       2
       3
       6
       5
       2
       3
       9
       3
      10
       3
       9
       4
       3
       5
      10
       6
       3
       8
       6
       1
       4
       2
       5
       5
       0
      10
      11
       7
       8
       7
      11
      11
      19
      25
      46
      86
     145
     188
     138
      51
      31
      39
      60
      56
      38
      23
      10
       9
       7
       6
       5
       7
       5
       6
       9
       5
       5
      10
       7
      10
       8
      17
       4
      17
      14
      20
      21
      42
      91
     188
     389
     377
     257
      87
      19
       9
       6
      12
       3
       6
       7
       4
      11
       4
       8
       5
       7
      10
       6
       8
       9
       7
      10
      11
       3
      10
      10
      12
       6
       8
       5
      17
      21
      17
      13
      12
      11
      17
      10
      17
      26
      28
      32
      30
      30
      49
      63
     102
     163
     360
     872
    1742
    2152
    1554
     608
     117
      13
       1
       0
       1
       1
       2
       0
       1
       0
       0
       0
       0
       2
       0
       1
       1
       1
       3
       0
       0
       1
       2
       0
       0
       0
       2
       0
       1
       0
       1
       0
       0
       2
       0
       0
       2
       0
       0
       2
       0
       0
       0
       0
       0
       0
       0
       0
       0
       0
       0
       0
       0
       2
       0
       1
       1
       0
       0
       0
       0
       2
       1
       0
       1
       0
       0
       1
       0
       0
       0
       0
       0
       0
       0
       0
       1
       0
       0
       0
       1
       1
       0
       1
       0
       1
       1
       0
       1
       0
       1
       0
       1
       0
       1
       0
       0
       1
       0
       1
       0
       0
       0
       0
       0
       0
       0
       0
       1
       0
       1
       0
       0
       0
       0
       0
       1
       0
       1
       6
       2
       5
       1
       0
       1
       2
       2
       0
       1
       0
       0
       1
       0
       0
       0
       0
       0
       1
       0
       0
       0
       0
       0
       1
       1
       0
       1
       0
       1
       0
       1
       0
       0
       0
       0
       5
       0
       0
       0
       0
       0
       0
       0
       1
       0
       0
       0
       0
       0
       0
       0
       0
       0
       0
       0
       0
       0
       0
       1
       1
       0
       0
       0
       1
       0
       0
       0
       3
       0
       0
       1
       1
       2
       0
       0
       2
       2
       1
       1
       0
       1
       1
       0
       1
       1
       2
       2
       1
       0
       2
       1
       0
       1
       1
       1
       0
       1
       0
       0
       0
       1
       1
       0
       1
       1
       4
       1
       3
       2
       0
       0
       1
       2
       1
       2
       1
       1
       1
       2
       0
       0
       0
       2
       0
       2
       1
       0
       0
       0
       1
       0
       2
       1
       0
       1
       0
       1
       0
       0
       1
       0
       2
       1
       0
       0
       3
       2
       2
       0
       3
       0
       1
       0
       2
       0
       2
       2
       0
       1
       1
       5
       1
       0
       2
       2
       4
       3
       5
       2
       6
       1
       3
       1
       2
       1
       3
       4
       3
       4
       2
       3
       2
       3
       4
       3
       3
       3
       5
       7
       8
       9
       8
      14
      34
      40
      92
     208
     363
     408
     292
     103
      28
       3
       2
       4
       1
       5
       6
       0
       3
       1
       3
       2
       4
       4
       0
       2
       3
       1
       2
       0
       1
       1
       1
       2
       0
       2
       0
       1
       2
       0
       0
       0
       3
       0
       0
       0
       0
       0
       0
       0
       0
       0
       0
       0
       0
       0
       0
       0
       0
       1
       0
       0
       1
       0
       0
       0
       0
       1
       0
       0
       0
       0
       1
       0
       0
       0
       0
       0
       0
       0
       0
       0
       0
       0
       0
       0
       0
       0
       0
       0
       0
       0
       0
       0
       0
       0
       0
       0
       0
       0
       1
       0
       0
       0
       0
       0
       0
       0
       0
       0
       0
       0
       0
       0
       0
       0
       0
       0
       0
       0
       0
       0
       0
       0
       0
       0
       0
       0
       0
       0
       0
       0
       0
       0
       0
       0
       0
       0
       0
       0
       0
       0
       0
       0
       0
       0
       0
       0
       0
       0
       0
       0
       0
       0
       0
       0
       0
       0
       0
       0
       0
       0
       0
       0
       0
       0
       0
       0
       0
       0
       0
       0
       0
       0
       0
       0
       0
       0
       0
       0
       0
       0
       0
       0
       0
       0
       0
       0
       0
       0
       0
       0
       0
       0
       0
       0
       0
       0
       0
       0
       0
       0
       0
       0
       0
       0
       0
       0
       0
       0
       0
       0
       0
       0
       0
       0
       0
       0
       0
       0
       0
       0
       0
       0
       0
       0
       0
       0
       0
       0
       0
       0
       0
       0
       0
       0
       0
       0
       0
       0
       0
       0
       0
       0
       0
       0
       0
       0
       0
       0
       0
       0
       0
       0
       0
       0
       0
       0
       0
       0
       0
       0
       0
       0
       0
       0
       0
       0
       0
       0
       1
       0
       0
       0
       0
       0
       0
       0
       0
       0
       0
       0
       0
       0
       0
       0
       0
       0
       0
       0
       0
       0
       0
       0
       0
       0
       0
       0
       0
       0
       0
       0
       0
       0
       0
       0
       0
       0
       0
       0
       0
       0
       0
       0
       0
       0
       0
       0
       0
       0
       0
       0
       0
       0
       0
       0
       0
       0
       0
       0
       0
       0
       0
       0
       0
       0
       0
       0
       0
       0
       0
       0
       0
       0
       0
       0
       0
       0
       0
       0
       0
       0
       0
       0
       0
       0
       0
       0
       0
       0
       0
       0
       0
       0
       0
       0
       0
       0
       0
       0
       0
       0
       0
       0
       0
       0
       0
       0
       0
       0
       0
       0
       0
       0
       0
       0
       0
       0
       0
       0
       0
       0
       0
       0
       0
       0
       0
       0
       0
       0
       0
       0
       0
       0
       0
       0
       0
       0
       0
       0
       0
       0
       0
       0
       0
       0
       0
       0
       0
       0
       0
       0
       0
       0
       0
       0
       0
       0
       0
       0
       0
       0
       0
       0
       0
       0
       0
       0
       0
       0
       0
       0
       0
       0
       0
       0
       0
       0
       0
       0
       0
       0
       0
       0
       0
       0
       0
       0
       0
       0
       0
       0
       0
       0
       0
       0
       0
       0
       0
       0
       0
       0
       0
       0
       0
       0
       0
       0
       0
       0
       0
       0
       0
       0
       0
       0
       0
       0
       0
       0
       0
       0
       0
       0
       0
       0
       0
       0
       0
       0
       0
       0
       0
       0
       0
       0
       0
       0
       0
       0
       0
       0
       0
       0
       0
       0
       0
       0
       0
       0
       0
       0
       0
       0
       0
       0
       0
       0
       0
       0
       0
       0
       0
       0
       0
       0
       0
       0
       0
       0
       0
       0
       0
       0
       0
       0
       0
       0
       0
       0
       0
       0
       0
       0
       0
       0
       0
       0
       0
       0
       0
       0
       0
       0
       0
       0
       0
       0
       0
       0
       0
       0
       0
       0
       0
       0
       0
       0
       0
       0
       0
       0
       0
       0
       0
       0
       0
       0
       0
       0
       0
       0
       0
       0
       0
       0
       0
       0
       0
       0
       0
       0
       0
       0
       0
       0
       0
       0
       0
       0
       0
       0
       0
       0
       0
       0
       0
       0
       0
       0
       0
       0
       0
       0
       0
       0
       0
       0
       0
       0
       0
       0
       0
       0
       0
       0
       0
       0
       0
       0
       0
       0
       0
       0
       0
       0
       0
       0
       0
       0
       0
       0
       0
       0
       0
       0
       0
       0
       0
       0
       0
       0
       0
       0
       0
       0
       0
       0
       0
       0
       0
       0
       0
       0
       0
       0
       0
       0
       0
       0
       0
       0
       0
       0
       0
       0
       0
       0
       0
       0
       0
       0
       0
       0
       0
       0
       0
       0
       0
       0
       0
       0
       0
       0
       0
       0
       0
       0
       0
       0
       0
       0
       0
       0
       0
       0
       0
       0
       0
       0
       0
       0
       0
       0
       0
       0
       0
       0
       0
       0
       0
       0
       0
       0
       0
       0
       0
       0
       0
       0
       0
       0
       0
       0
$ROI:
7
803 815
842 854
896 914
931 944
980 993
1296 1317
1587 1590
$PRESETS:
Real Time
14400
0
$ENER_FIT:
-18.576502 6.711768
$MCA_CAL:
3
-1.857650E+001 6.711768E+000 9.444169E-006 KeV
$SHAPE_CAL:
3
-9.428778E-001 9.253461E-003 -3.762110E-006
