$SPEC_ID:
No sample description was entered.
$SPEC_REM:
DET# 1
DETDESC# YESUM2222 MCB 25
AP# Maestro Version 6.06
$DATE_MEA:
06/19/2016 11:52:31
$MEAS_TIM:
1324 1325
$DATA:
0 2047
       0
       0
       0
       0
       0
       0
       0
       0
       0
       0
       0
       0
       0
      17
    1794
    2717
    2333
    2216
    1977
    1902
    1742
    1676
    1574
    1549
    1514
    1582
    1549
    1430
    1256
    1161
    1064
    1015
     942
     811
     809
     731
     719
     668
     599
     557
     498
     451
     448
     425
     363
     344
     309
     304
     250
     232
     235
     196
     174
     161
     158
     125
     134
     127
      98
      77
      93
      79
      64
      56
      60
      41
      47
      48
      48
      30
      40
      32
      22
      40
      24
      24
      23
      18
      23
      17
      13
      14
       7
       9
      14
       8
      10
      11
      12
       7
       6
       5
       6
      10
       7
       4
       6
       5
       4
       3
       2
       4
       4
       7
       2
       1
       0
       1
       3
       2
       2
       4
       2
       3
       2
       1
       2
       1
       2
       4
       4
       0
       2
       2
       0
       2
       1
       1
       3
       1
       0
       2
       3
       0
       0
       3
       2
       1
       1
       0
       0
       2
       2
       0
       4
       2
       0
       3
       3
       1
       1
       1
       3
       2
       2
       0
       0
       2
       2
       0
       0
       2
       1
       3
       2
       0
       6
       3
       0
       2
       0
       2
       1
       2
       3
       2
       1
       0
       2
       1
       1
       1
       0
       1
       0
       2
       3
       2
       1
       4
       3
       3
       0
       3
       2
       1
       0
       5
       0
       2
       1
       1
       1
       1
       1
       2
       2
       2
       1
       2
       4
       3
       1
       4
       0
       1
       1
       1
       2
       1
       2
       2
       1
       1
       0
       1
       3
       1
       1
       4
       0
       4
       4
       3
       2
       4
       4
       3
       1
       3
       2
       0
       0
       3
       2
       0
       1
       1
       0
       1
       0
       2
       2
       2
       3
       1
       1
       1
       1
       1
       1
       1
       1
       1
       2
       1
       2
       2
       2
       3
       2
       1
       3
       2
       2
       1
       4
       4
       1
       1
       2
       1
       3
       3
       8
       1
       2
       0
       1
       1
       1
       2
       3
       2
       0
       1
       1
       3
       4
       4
       1
       1
       3
       1
       1
       0
       1
       2
       0
       1
       1
       2
       2
       1
       1
       1
       2
       2
       2
       4
       1
       0
       4
       0
       1
       3
       1
       4
       2
       2
       2
       1
       2
       2
       1
       2
       4
       1
       1
       2
       0
       1
       2
       3
       2
       3
       1
       2
       1
       1
       2
       1
       1
       1
       3
       4
       2
       1
       3
       1
       3
       2
       3
       3
       1
       1
       2
       1
       0
       2
       2
       3
       0
       0
       1
       1
       2
       2
       2
       2
       3
       2
       3
       3
       3
       2
       1
       0
       2
       3
       1
       3
       2
       0
       5
       0
       1
       1
       0
       1
       1
       2
       4
       2
       2
       5
       3
       1
       2
       1
       2
       3
       2
       2
       4
       2
       1
       2
       4
       2
       0
       1
       3
       3
       0
       3
       2
       3
       1
       2
       2
       1
       0
       2
       1
       1
       1
       1
       1
       5
       0
       4
       0
       0
       2
       4
       1
       0
       0
       3
       3
       3
       1
       1
       1
       0
       0
       0
       2
       1
       2
       3
       3
       5
       1
       1
       4
       1
       4
       1
       2
       3
       6
       2
       0
       0
       2
       2
       2
       2
       1
       2
       3
       2
       1
       3
       3
       1
       3
       0
       0
       1
       2
       2
       1
       1
       0
       2
       1
       4
       4
       2
       5
       1
       4
       1
       3
       2
       4
       0
       1
       1
       1
       3
       2
       3
       2
       1
       1
       1
       1
       0
       2
       3
       3
       3
       1
       3
       2
       0
       1
       2
       3
       1
       1
       1
       1
       3
       2
       2
       2
       2
       2
       1
       2
       3
       0
       0
       5
       4
       2
       6
       2
       2
       6
       0
       3
       1
       5
       1
       0
       0
       4
       2
       3
       1
       1
       1
       0
       1
       1
       0
       3
       2
       1
       2
       2
       3
       2
       3
       1
       2
       0
       6
       3
       3
       2
       4
       4
       3
       3
       0
       4
       5
       5
       3
       2
       1
       0
       1
       3
       4
       2
       1
       0
       3
       2
       0
       2
       2
       2
       1
       0
       0
       1
       1
       1
       2
       1
       1
       4
       2
       2
       2
       4
       3
       2
       3
       1
       2
       1
       1
       5
       1
       2
       1
       3
       2
       2
       2
       4
       1
       3
       1
       0
       5
       0
       3
       0
       2
       2
       2
       1
       1
       2
       3
       2
       2
       2
       1
       1
       4
       3
       1
       4
       3
       0
       4
       2
       3
       3
       4
       5
       6
       6
       4
       2
       2
       4
       0
       3
       4
       0
       2
       1
       1
       0
       6
       1
       1
       4
       2
       2
       4
       1
       1
       1
       1
       5
       1
       0
       4
       6
       2
       3
       1
       3
       1
       1
       1
       2
       0
       7
       5
       5
       3
       4
       3
       4
       5
       0
       5
       3
       0
       4
       1
       5
       3
       1
       2
       2
       5
       1
       6
       3
       3
       5
       1
       2
       1
       4
       0
       4
       2
       7
       5
       2
       1
       4
       4
       2
       2
       5
       4
       1
       1
       1
       2
       5
       4
       2
       2
       1
       3
       6
       6
       1
       6
       5
       5
       3
       4
       1
       3
       1
       5
       6
       4
       5
       1
       5
       1
       2
       4
       5
       6
       5
       2
       1
       1
       3
       3
       4
       3
       1
       1
       4
       4
       1
       2
       6
       4
       5
       6
       3
       2
       8
       0
       4
       5
       4
       4
       5
       3
       3
       3
       5
       4
       0
       6
       5
       4
       6
       2
       2
       6
       2
       3
       2
       5
       2
       2
       4
       3
       5
       6
       5
       3
      11
       8
      10
       6
       5
       5
       6
       7
       6
       5
       5
       9
       3
      10
       7
       3
       4
       5
       4
       5
       5
       5
       8
       5
      13
      11
       6
       2
       8
       8
       3
       3
       6
       5
       2
       4
       9
       4
      11
       3
       9
       4
       5
       5
      10
       9
       3
       8
       6
       1
       4
       3
       5
       6
       0
      11
      12
       7
       9
       9
      11
      11
      23
      27
      54
      97
     156
     205
     152
      57
      32
      46
      60
      66
      42
      26
      11
       9
       7
       6
       5
       7
       5
       6
      11
       5
       5
      10
       7
      10
       9
      19
       4
      18
      18
      21
      23
      46
     103
     202
     419
     412
     269
      93
      20
      10
       6
      12
       3
       6
       8
       4
      12
       4
       8
       5
       8
      11
       6
       8
       9
       9
      12
      12
       4
      12
      11
      12
       6
       8
       7
      17
      22
      17
      14
      14
      11
      18
      12
      19
      28
      32
      34
      32
      36
      52
      71
     107
     176
     388
     943
    1874
    2338
    1685
     652
     129
      16
       1
       0
       1
       1
       2
       0
       1
       0
       0
       0
       0
       2
       0
       1
       2
       1
       3
       0
       0
       1
       2
       0
       0
       0
       2
       0
       1
       0
       1
       0
       0
       2
       0
       0
       2
       0
       0
       2
       0
       0
       0
       0
       0
       0
       0
       1
       0
       0
       0
       0
       0
       2
       0
       1
       1
       0
       0
       0
       0
       2
       1
       0
       1
       0
       0
       1
       0
       0
       0
       0
       0
       0
       0
       0
       1
       0
       0
       0
       1
       1
       0
       1
       0
       1
       1
       0
       1
       0
       1
       0
       1
       0
       1
       0
       0
       1
       0
       1
       0
       0
       0
       0
       0
       2
       0
       0
       1
       0
       1
       0
       0
       0
       0
       0
       1
       0
       2
       6
       3
       6
       1
       0
       1
       2
       2
       0
       1
       0
       0
       1
       0
       0
       0
       0
       0
       1
       0
       0
       0
       0
       0
       1
       1
       0
       1
       0
       1
       1
       2
       0
       0
       0
       0
       5
       1
       0
       0
       0
       0
       0
       0
       1
       0
       0
       0
       0
       0
       0
       0
       0
       0
       0
       0
       0
       0
       0
       1
       1
       0
       0
       0
       1
       0
       0
       0
       3
       0
       0
       1
       1
       2
       0
       0
       3
       2
       1
       1
       0
       1
       1
       0
       1
       1
       2
       2
       1
       0
       2
       1
       0
       1
       1
       1
       1
       1
       0
       0
       0
       1
       1
       0
       1
       1
       4
       2
       4
       2
       0
       0
       1
       2
       1
       2
       1
       1
       1
       2
       0
       1
       0
       2
       0
       2
       1
       0
       0
       0
       1
       0
       2
       1
       0
       1
       0
       1
       0
       0
       1
       0
       2
       1
       0
       0
       3
       2
       2
       0
       3
       0
       1
       0
       2
       0
       2
       2
       0
       1
       1
       5
       1
       0
       2
       2
       4
       3
       5
       2
       6
       1
       3
       1
       2
       2
       5
       4
       3
       5
       2
       4
       2
       5
       5
       4
       3
       3
       6
       8
      10
      12
       8
      16
      38
      44
     103
     226
     409
     446
     330
     119
      29
       4
       2
       4
       2
       6
       6
       0
       3
       1
       3
       2
       4
       4
       0
       2
       3
       1
       2
       0
       1
       1
       2
       3
       0
       2
       0
       1
       3
       0
       0
       0
       3
       0
       0
       0
       0
       0
       0
       0
       0
       0
       0
       0
       0
       0
       0
       0
       0
       1
       0
       0
       1
       0
       0
       0
       0
       1
       0
       0
       0
       0
       1
       0
       0
       0
       0
       0
       0
       0
       0
       0
       0
       0
       0
       0
       0
       0
       0
       0
       0
       0
       0
       0
       0
       0
       0
       0
       0
       0
       1
       0
       0
       0
       0
       0
       0
       0
       0
       0
       0
       0
       0
       0
       0
       0
       0
       0
       0
       0
       0
       0
       0
       0
       0
       0
       0
       0
       0
       0
       0
       0
       0
       0
       0
       0
       0
       0
       0
       0
       0
       0
       0
       0
       0
       0
       0
       0
       0
       0
       0
       0
       0
       0
       0
       0
       0
       0
       0
       0
       0
       0
       0
       0
       0
       0
       0
       0
       0
       0
       0
       0
       0
       0
       0
       0
       0
       0
       0
       0
       0
       0
       0
       0
       0
       0
       0
       0
       0
       0
       0
       0
       0
       0
       0
       0
       0
       0
       0
       0
       0
       0
       0
       0
       0
       0
       0
       0
       0
       0
       0
       0
       0
       0
       0
       0
       0
       0
       0
       0
       0
       0
       0
       0
       0
       0
       0
       0
       0
       0
       0
       0
       0
       0
       0
       0
       0
       0
       0
       0
       0
       0
       0
       0
       0
       0
       0
       0
       0
       0
       0
       0
       0
       0
       0
       0
       0
       0
       0
       0
       0
       0
       0
       0
       0
       0
       0
       0
       0
       0
       1
       0
       0
       0
       0
       0
       0
       0
       0
       0
       0
       0
       0
       0
       0
       0
       0
       0
       0
       0
       0
       0
       0
       0
       0
       0
       0
       0
       0
       0
       0
       0
       0
       0
       0
       0
       0
       0
       0
       0
       0
       0
       0
       0
       0
       0
       0
       0
       0
       0
       0
       0
       0
       0
       0
       0
       0
       0
       0
       0
       0
       0
       0
       0
       0
       0
       0
       0
       0
       0
       0
       0
       0
       0
       0
       0
       0
       0
       0
       0
       0
       0
       0
       0
       0
       0
       0
       0
       0
       0
       0
       0
       0
       0
       0
       0
       0
       0
       0
       0
       0
       0
       0
       0
       0
       0
       0
       0
       0
       0
       0
       0
       0
       0
       0
       0
       0
       0
       0
       0
       0
       0
       0
       0
       0
       0
       0
       0
       0
       0
       0
       0
       0
       0
       0
       0
       0
       0
       0
       0
       0
       0
       0
       0
       0
       0
       0
       0
       0
       0
       0
       0
       0
       0
       0
       0
       0
       0
       0
       0
       0
       0
       0
       0
       0
       0
       0
       0
       0
       0
       0
       0
       0
       0
       0
       0
       0
       0
       0
       0
       0
       0
       0
       0
       0
       0
       0
       0
       0
       0
       0
       0
       0
       0
       0
       0
       0
       0
       0
       0
       0
       0
       0
       0
       0
       0
       0
       0
       0
       0
       0
       0
       0
       0
       0
       0
       0
       0
       0
       0
       0
       0
       0
       0
       0
       0
       0
       0
       0
       0
       0
       0
       0
       0
       0
       0
       0
       0
       0
       0
       0
       0
       0
       0
       0
       0
       0
       0
       0
       0
       0
       0
       0
       0
       0
       0
       0
       0
       0
       0
       0
       0
       0
       0
       0
       0
       0
       0
       0
       0
       0
       0
       0
       0
       0
       0
       0
       0
       0
       0
       0
       0
       0
       0
       0
       0
       0
       0
       0
       0
       0
       0
       0
       0
       0
       0
       0
       0
       0
       0
       0
       0
       0
       0
       0
       0
       0
       0
       0
       0
       0
       0
       0
       0
       0
       0
       0
       0
       0
       0
       0
       0
       0
       0
       0
       0
       0
       0
       0
       0
       0
       0
       0
       0
       0
       0
       0
       0
       0
       0
       0
       0
       0
       0
       0
       0
       0
       0
       0
       0
       0
       0
       0
       0
       0
       0
       0
       0
       0
       0
       0
       0
       0
       0
       0
       0
       0
       0
       0
       0
       0
       0
       0
       0
       0
       0
       0
       0
       0
       0
       0
       0
       0
       0
       0
       0
       0
       0
       0
       0
       0
       0
       0
       0
       0
       0
       0
       0
       0
       0
       0
       0
       0
       0
       0
       0
       0
       0
       0
       0
       0
       0
       0
       0
       0
       0
       0
       0
       0
       0
       0
       0
       0
       0
       0
       0
       0
       0
       0
       0
       0
       0
       0
       0
       0
       0
       0
       0
       0
       0
       0
       0
       0
       0
       0
       0
       0
       0
       0
       0
       0
       0
       0
       0
       0
       0
       0
       0
       0
       0
       0
       0
       0
       0
       0
       0
       0
       0
       0
       0
       0
       0
       0
       0
$ROI:
7
803 815
842 854
896 914
931 944
980 993
1296 1317
1587 1590
$PRESETS:
Real Time
14400
0
$ENER_FIT:
-18.576502 6.711768
$MCA_CAL:
3
-1.857650E+001 6.711768E+000 9.444169E-006 KeV
$SHAPE_CAL:
3
-9.428778E-001 9.253461E-003 -3.762110E-006
