$SPEC_ID:
No sample description was entered.
$SPEC_REM:
DET# 1
DETDESC# YESUM2222 MCB 25
AP# Maestro Version 6.06
$DATE_MEA:
06/19/2016 11:52:31
$MEAS_TIM:
1442 1443
$DATA:
0 2047
       0
       0
       0
       0
       0
       0
       0
       0
       0
       0
       0
       0
       0
      17
    1928
    2954
    2492
    2360
    2130
    2055
    1879
    1799
    1679
    1649
    1634
    1691
    1679
    1522
    1354
    1246
    1133
    1095
     999
     879
     884
     783
     772
     707
     642
     594
     529
     489
     483
     446
     387
     368
     330
     324
     275
     248
     251
     209
     187
     175
     165
     138
     140
     135
     109
      81
     102
      83
      66
      57
      65
      42
      51
      56
      48
      35
      44
      33
      24
      44
      26
      29
      25
      20
      25
      17
      13
      17
       7
      10
      15
       8
      10
      12
      13
       9
       8
       5
       6
      11
       7
       4
       7
       5
       4
       3
       3
       4
       4
       7
       2
       1
       0
       2
       3
       2
       3
       4
       2
       3
       2
       2
       2
       1
       2
       4
       5
       1
       3
       2
       0
       2
       1
       2
       3
       1
       0
       2
       3
       1
       0
       3
       2
       1
       1
       0
       0
       2
       2
       0
       5
       2
       1
       3
       3
       1
       1
       1
       3
       2
       2
       0
       0
       2
       2
       0
       0
       2
       2
       3
       2
       0
       6
       3
       0
       2
       0
       2
       1
       2
       3
       2
       1
       0
       2
       1
       1
       1
       0
       1
       0
       2
       3
       2
       1
       4
       3
       3
       0
       3
       2
       1
       0
       5
       0
       2
       1
       1
       1
       3
       1
       2
       2
       2
       1
       2
       5
       3
       1
       4
       0
       1
       1
       1
       2
       1
       2
       2
       1
       1
       0
       1
       3
       1
       1
       4
       0
       4
       4
       3
       2
       4
       4
       3
       1
       3
       2
       0
       0
       3
       2
       0
       3
       1
       0
       1
       0
       2
       2
       3
       4
       1
       1
       1
       1
       1
       1
       1
       1
       2
       2
       2
       2
       2
       2
       3
       2
       1
       3
       3
       2
       1
       4
       4
       2
       1
       2
       1
       3
       3
       8
       1
       2
       0
       1
       1
       1
       2
       3
       2
       1
       2
       1
       3
       4
       5
       1
       1
       3
       2
       1
       0
       1
       2
       0
       1
       2
       3
       2
       1
       1
       1
       2
       2
       2
       4
       1
       1
       4
       0
       1
       3
       1
       4
       2
       2
       2
       1
       2
       2
       1
       3
       5
       1
       1
       3
       0
       1
       2
       4
       2
       3
       1
       2
       1
       1
       2
       2
       1
       1
       3
       5
       2
       1
       3
       1
       3
       2
       3
       3
       1
       1
       2
       1
       0
       3
       2
       3
       0
       0
       1
       3
       2
       2
       2
       2
       3
       4
       3
       3
       3
       2
       1
       0
       2
       3
       1
       3
       2
       0
       5
       0
       1
       1
       0
       1
       1
       2
       5
       2
       2
       5
       3
       2
       2
       1
       3
       3
       2
       2
       4
       2
       1
       2
       4
       2
       0
       1
       3
       3
       1
       3
       3
       3
       1
       2
       2
       1
       0
       2
       1
       1
       1
       1
       1
       5
       0
       4
       0
       0
       2
       4
       1
       0
       0
       3
       3
       4
       1
       1
       1
       0
       0
       0
       2
       1
       2
       4
       3
       5
       1
       1
       4
       1
       4
       1
       2
       4
       6
       2
       0
       0
       2
       2
       3
       2
       1
       3
       3
       2
       1
       3
       3
       1
       3
       0
       1
       1
       2
       3
       1
       1
       0
       2
       1
       4
       4
       2
       5
       1
       4
       1
       3
       2
       4
       0
       1
       1
       1
       3
       4
       3
       2
       2
       1
       2
       1
       0
       2
       3
       3
       3
       1
       3
       2
       0
       3
       2
       3
       1
       1
       1
       1
       4
       2
       2
       2
       2
       2
       1
       2
       3
       0
       0
       5
       5
       2
       6
       2
       2
       6
       0
       3
       1
       5
       1
       0
       0
       4
       2
       3
       1
       1
       2
       0
       1
       1
       0
       4
       2
       2
       3
       2
       3
       2
       3
       1
       2
       0
       6
       3
       3
       2
       4
       4
       3
       3
       0
       4
       5
       5
       3
       2
       1
       0
       1
       3
       4
       2
       1
       0
       4
       2
       1
       2
       2
       2
       1
       0
       0
       1
       1
       1
       3
       1
       1
       4
       2
       2
       2
       4
       3
       2
       3
       1
       2
       1
       2
       5
       1
       2
       1
       3
       2
       2
       2
       4
       1
       3
       1
       0
       5
       0
       4
       0
       2
       2
       2
       1
       1
       3
       3
       2
       3
       2
       1
       1
       4
       3
       1
       4
       3
       2
       4
       2
       3
       3
       4
       5
       6
       6
       4
       2
       3
       4
       0
       4
       4
       0
       2
       1
       1
       2
       6
       1
       2
       4
       2
       2
       4
       1
       1
       1
       1
       5
       2
       0
       4
       8
       2
       3
       1
       3
       2
       1
       1
       2
       1
       8
       5
       5
       4
       4
       3
       4
       5
       0
       5
       3
       1
       4
       1
       5
       3
       1
       2
       2
       5
       1
       7
       3
       4
       5
       1
       2
       1
       4
       0
       4
       2
       7
       5
       2
       1
       4
       4
       2
       2
       5
       4
       1
       1
       1
       2
       5
       4
       3
       2
       1
       3
       6
       7
       1
       6
       5
       6
       3
       4
       1
       3
       2
       6
       6
       4
       5
       2
       6
       2
       2
       4
       6
       7
       5
       2
       1
       2
       3
       3
       4
       3
       1
       1
       4
       4
       1
       3
       6
       4
       5
       6
       3
       2
       9
       1
       4
       5
       4
       5
       5
       3
       3
       3
       5
       4
       0
       6
       5
       4
       7
       2
       2
       6
       3
       4
       2
       6
       2
       2
       4
       3
       5
       6
       5
       3
      12
       8
      12
       7
       7
       5
       6
       7
       7
       5
       5
       9
       3
      12
       9
       3
       4
       5
       4
       6
       5
       6
       8
       6
      13
      12
       6
       2
       8
       8
       3
       4
       6
       5
       2
       4
      10
       4
      11
       5
      10
       5
       5
       5
      10
       9
       4
      11
       6
       3
       5
       3
       8
       6
       0
      11
      12
       9
      10
       9
      11
      11
      24
      27
      58
     103
     173
     220
     162
      61
      37
      46
      68
      70
      44
      27
      11
      10
       7
       7
       5
       7
       6
       6
      11
       6
       6
      10
       7
      11
      10
      19
       5
      19
      19
      22
      23
      47
     108
     225
     451
     444
     295
      98
      20
      12
       7
      12
       3
       6
       9
       5
      12
       6
       8
       5
      10
      13
       6
      10
       9
       9
      13
      12
       5
      12
      11
      13
       6
       9
       7
      17
      23
      19
      15
      14
      12
      18
      13
      20
      30
      33
      37
      33
      39
      54
      75
     116
     185
     424
    1011
    2012
    2521
    1811
     690
     135
      18
       1
       0
       1
       1
       2
       0
       1
       1
       0
       0
       0
       2
       0
       1
       2
       1
       3
       0
       0
       1
       2
       0
       1
       1
       2
       0
       1
       0
       2
       1
       0
       2
       0
       0
       2
       0
       0
       2
       0
       0
       0
       0
       0
       0
       0
       1
       0
       0
       0
       0
       0
       2
       1
       1
       1
       0
       0
       0
       0
       2
       1
       0
       1
       0
       0
       1
       0
       0
       0
       0
       0
       0
       0
       0
       1
       0
       0
       0
       1
       2
       0
       1
       0
       1
       1
       0
       1
       0
       1
       0
       1
       0
       1
       0
       0
       1
       0
       1
       0
       0
       0
       0
       0
       2
       0
       0
       1
       0
       1
       0
       0
       0
       0
       0
       1
       0
       2
       7
       3
       6
       1
       0
       1
       2
       2
       0
       1
       0
       0
       1
       0
       0
       0
       0
       0
       1
       0
       0
       0
       0
       0
       1
       1
       0
       1
       0
       1
       1
       2
       0
       1
       0
       0
       5
       1
       0
       0
       0
       0
       0
       0
       1
       0
       0
       1
       0
       0
       0
       0
       0
       0
       0
       0
       0
       0
       0
       1
       1
       0
       0
       0
       1
       1
       0
       0
       3
       0
       0
       1
       1
       2
       0
       0
       3
       2
       1
       1
       0
       1
       1
       0
       1
       1
       2
       2
       1
       0
       2
       1
       0
       1
       1
       1
       1
       1
       0
       0
       0
       1
       1
       0
       1
       1
       4
       2
       4
       2
       0
       0
       1
       2
       1
       2
       1
       1
       1
       2
       0
       1
       0
       2
       0
       2
       1
       0
       0
       0
       1
       0
       2
       1
       0
       1
       0
       1
       0
       0
       1
       0
       2
       2
       0
       0
       3
       2
       2
       0
       3
       0
       1
       0
       2
       2
       2
       2
       0
       1
       1
       5
       1
       0
       2
       2
       5
       3
       5
       2
       6
       2
       3
       1
       2
       2
       5
       4
       3
       5
       2
       6
       2
       5
       5
       4
       4
       3
       7
       8
      13
      12
       9
      17
      41
      55
     106
     240
     440
     495
     360
     124
      32
       5
       3
       4
       2
       6
       6
       0
       4
       1
       3
       2
       4
       5
       0
       2
       4
       1
       2
       0
       2
       2
       2
       3
       0
       2
       0
       1
       3
       0
       0
       0
       3
       0
       0
       0
       0
       0
       0
       0
       0
       0
       0
       0
       0
       0
       0
       0
       0
       1
       0
       1
       1
       0
       0
       0
       0
       1
       0
       0
       0
       0
       1
       0
       0
       0
       0
       0
       0
       0
       0
       0
       0
       0
       0
       0
       0
       0
       0
       0
       0
       0
       0
       0
       0
       0
       0
       0
       0
       0
       1
       0
       0
       0
       0
       0
       0
       0
       0
       0
       0
       0
       0
       0
       0
       0
       0
       0
       0
       0
       0
       0
       0
       0
       0
       0
       0
       0
       0
       0
       0
       0
       0
       0
       0
       0
       0
       0
       0
       0
       0
       0
       0
       0
       0
       0
       0
       0
       0
       0
       0
       0
       0
       0
       0
       0
       0
       0
       0
       0
       0
       0
       0
       0
       0
       0
       0
       0
       0
       0
       0
       0
       0
       0
       0
       0
       0
       0
       0
       0
       0
       0
       0
       0
       0
       0
       0
       0
       0
       0
       0
       0
       0
       0
       0
       0
       0
       0
       0
       0
       0
       0
       0
       0
       0
       0
       0
       0
       0
       0
       0
       0
       0
       0
       0
       0
       0
       0
       0
       0
       0
       0
       0
       0
       0
       0
       0
       0
       0
       0
       0
       0
       0
       0
       0
       0
       0
       0
       0
       0
       0
       0
       0
       0
       0
       0
       0
       0
       0
       0
       0
       0
       0
       0
       0
       0
       0
       0
       0
       0
       0
       0
       0
       0
       0
       0
       0
       0
       0
       0
       1
       0
       0
       0
       0
       0
       0
       0
       0
       0
       0
       0
       0
       0
       0
       0
       0
       0
       0
       0
       0
       0
       0
       0
       0
       0
       0
       0
       0
       0
       0
       0
       0
       0
       0
       0
       0
       0
       0
       0
       0
       0
       0
       0
       0
       0
       0
       0
       0
       0
       0
       0
       0
       0
       0
       0
       0
       0
       0
       0
       0
       0
       0
       0
       0
       0
       0
       0
       0
       0
       0
       0
       0
       0
       0
       0
       0
       0
       0
       0
       0
       0
       0
       0
       0
       0
       0
       0
       0
       0
       0
       0
       0
       0
       0
       0
       0
       0
       0
       0
       0
       0
       0
       0
       0
       0
       0
       0
       0
       0
       0
       0
       0
       0
       0
       0
       0
       0
       0
       0
       0
       0
       0
       0
       0
       0
       0
       0
       0
       0
       0
       0
       0
       0
       0
       0
       0
       0
       0
       0
       0
       0
       0
       0
       0
       0
       0
       0
       0
       0
       0
       0
       0
       0
       0
       0
       0
       0
       0
       0
       0
       0
       0
       0
       0
       0
       0
       0
       0
       0
       0
       0
       0
       0
       0
       0
       0
       0
       0
       0
       0
       0
       0
       0
       0
       0
       0
       0
       0
       0
       0
       0
       0
       0
       0
       0
       0
       0
       0
       0
       0
       0
       0
       0
       0
       0
       0
       0
       0
       0
       0
       0
       0
       0
       0
       0
       0
       0
       0
       0
       0
       0
       0
       0
       0
       0
       0
       0
       0
       0
       0
       0
       0
       0
       0
       0
       0
       0
       0
       0
       0
       0
       0
       0
       0
       0
       0
       0
       0
       0
       0
       0
       0
       0
       0
       0
       0
       0
       0
       0
       0
       0
       0
       0
       0
       0
       0
       0
       0
       0
       0
       0
       0
       0
       0
       0
       0
       0
       0
       0
       0
       0
       0
       0
       0
       0
       0
       0
       0
       0
       0
       0
       0
       0
       0
       0
       0
       0
       0
       0
       0
       0
       0
       0
       0
       0
       0
       0
       0
       0
       0
       0
       0
       0
       0
       0
       0
       0
       0
       0
       0
       0
       0
       0
       0
       0
       0
       0
       0
       0
       0
       0
       0
       0
       0
       0
       0
       0
       0
       0
       0
       0
       0
       0
       0
       0
       0
       0
       0
       0
       0
       0
       0
       0
       0
       0
       0
       0
       0
       0
       0
       0
       0
       0
       0
       0
       0
       0
       0
       0
       0
       0
       0
       0
       0
       0
       0
       0
       0
       0
       0
       0
       0
       0
       0
       0
       0
       0
       0
       0
       0
       0
       0
       0
       0
       0
       0
       0
       0
       0
       0
       0
       0
       0
       0
       0
       0
       0
       0
       0
       0
       0
       0
       0
       0
       0
       0
       0
       0
       0
       0
       0
       0
       0
       0
       0
       0
       0
       0
       0
       0
       0
       0
       0
       0
       0
       0
       0
       0
       0
       0
       0
       0
       0
       0
       0
       0
       0
       0
       0
       0
       0
       0
       0
       0
       0
       0
       0
       0
       0
       0
       0
       0
       0
       0
       0
       0
       0
       0
       0
       0
       0
       0
       0
$ROI:
7
803 815
842 854
896 914
931 944
980 993
1296 1317
1587 1590
$PRESETS:
Real Time
14400
0
$ENER_FIT:
-18.576502 6.711768
$MCA_CAL:
3
-1.857650E+001 6.711768E+000 9.444169E-006 KeV
$SHAPE_CAL:
3
-9.428778E-001 9.253461E-003 -3.762110E-006
