$SPEC_ID:
No sample description was entered.
$SPEC_REM:
DET# 1
DETDESC# YESUM2222 MCB 25
AP# Maestro Version 6.06
$DATE_MEA:
06/19/2016 11:52:31
$MEAS_TIM:
1564 1565
$DATA:
0 2047
       0
       0
       0
       0
       0
       0
       0
       0
       0
       0
       0
       0
       0
      19
    2046
    3153
    2669
    2519
    2279
    2187
    2009
    1935
    1831
    1759
    1734
    1819
    1809
    1613
    1443
    1330
    1212
    1178
    1065
     953
     933
     827
     805
     754
     687
     634
     567
     529
     515
     497
     407
     395
     355
     344
     295
     274
     267
     225
     206
     187
     174
     145
     152
     145
     112
      91
     110
      88
      72
      61
      69
      45
      54
      59
      53
      39
      46
      36
      25
      44
      28
      29
      26
      23
      25
      19
      14
      20
       7
      10
      17
       8
      10
      15
      13
      10
       8
       6
       6
      12
       7
       6
       8
       6
       4
       3
       3
       4
       4
       7
       2
       1
       0
       3
       3
       2
       3
       5
       2
       3
       2
       2
       2
       1
       2
       4
       5
       1
       3
       2
       0
       2
       1
       2
       3
       1
       0
       2
       3
       1
       0
       3
       2
       1
       1
       0
       0
       2
       2
       0
       5
       2
       2
       4
       3
       1
       1
       1
       3
       2
       2
       0
       0
       2
       2
       0
       1
       2
       2
       4
       2
       1
       6
       3
       0
       2
       0
       3
       1
       2
       3
       2
       1
       0
       2
       1
       1
       1
       1
       1
       0
       2
       3
       2
       4
       4
       3
       3
       1
       3
       2
       1
       0
       5
       0
       2
       1
       1
       1
       3
       1
       2
       2
       3
       2
       2
       5
       3
       1
       4
       0
       1
       2
       1
       2
       1
       2
       2
       1
       1
       0
       1
       4
       1
       1
       4
       0
       4
       4
       3
       3
       4
       4
       3
       2
       3
       2
       0
       0
       3
       2
       0
       3
       2
       0
       1
       1
       2
       2
       3
       4
       1
       1
       1
       1
       1
       1
       1
       1
       2
       2
       2
       3
       2
       3
       3
       3
       1
       3
       3
       2
       1
       6
       4
       3
       1
       2
       2
       3
       3
       8
       1
       2
       0
       1
       2
       1
       2
       3
       2
       1
       3
       3
       3
       4
       6
       1
       1
       3
       2
       1
       0
       1
       2
       0
       1
       2
       3
       2
       1
       1
       1
       2
       3
       2
       4
       1
       1
       4
       0
       1
       3
       1
       6
       2
       2
       3
       1
       3
       2
       1
       3
       5
       2
       1
       3
       0
       1
       2
       4
       2
       3
       1
       2
       2
       1
       2
       3
       1
       1
       3
       5
       2
       1
       3
       1
       4
       2
       3
       3
       1
       1
       2
       1
       0
       3
       2
       3
       0
       0
       1
       3
       2
       2
       2
       2
       3
       4
       3
       3
       3
       2
       1
       0
       2
       3
       1
       3
       2
       0
       5
       0
       1
       1
       0
       1
       1
       4
       5
       2
       2
       5
       3
       2
       2
       1
       3
       3
       2
       2
       4
       2
       1
       3
       5
       2
       0
       1
       3
       3
       1
       3
       4
       3
       1
       2
       2
       1
       0
       3
       1
       1
       1
       1
       1
       5
       0
       4
       1
       0
       2
       4
       2
       0
       0
       3
       3
       4
       1
       1
       1
       0
       0
       0
       2
       1
       2
       4
       3
       5
       1
       1
       4
       1
       4
       1
       2
       4
       6
       2
       0
       0
       2
       2
       4
       2
       3
       4
       3
       2
       2
       3
       3
       1
       3
       0
       2
       1
       2
       3
       1
       1
       0
       2
       1
       4
       4
       3
       5
       1
       4
       1
       3
       4
       4
       0
       2
       1
       1
       3
       4
       3
       2
       2
       1
       2
       1
       0
       2
       3
       3
       3
       2
       3
       2
       0
       3
       2
       4
       2
       1
       2
       1
       4
       2
       2
       2
       2
       4
       1
       2
       4
       0
       0
       5
       5
       2
       6
       2
       2
       6
       0
       3
       1
       5
       1
       1
       0
       4
       2
       3
       1
       1
       2
       0
       1
       1
       0
       4
       3
       2
       3
       2
       3
       2
       3
       1
       2
       1
       6
       3
       3
       3
       4
       4
       3
       3
       0
       4
       6
       5
       3
       2
       1
       0
       1
       3
       4
       2
       1
       0
       4
       2
       1
       2
       2
       2
       1
       1
       1
       1
       1
       1
       3
       1
       1
       4
       2
       2
       2
       4
       3
       2
       3
       1
       2
       1
       2
       5
       1
       2
       1
       3
       3
       2
       2
       5
       1
       3
       2
       0
       5
       1
       4
       0
       2
       3
       2
       1
       1
       3
       3
       2
       3
       2
       1
       1
       4
       3
       2
       4
       3
       2
       4
       2
       3
       3
       4
       5
       6
       6
       4
       2
       3
       4
       1
       4
       5
       0
       4
       1
       1
       2
       6
       1
       2
       5
       2
       3
       5
       1
       1
       1
       1
       5
       3
       0
       4
       8
       2
       3
       1
       3
       3
       1
       1
       2
       2
       8
       5
       5
       4
       5
       3
       5
       5
       0
       6
       3
       1
       4
       1
       5
       3
       1
       2
       2
       5
       1
       8
       3
       4
       5
       1
       2
       2
       4
       0
       4
       2
       8
       6
       2
       1
       4
       4
       2
       2
       5
       4
       1
       1
       2
       2
       5
       5
       3
       3
       1
       3
       7
       8
       1
       6
       5
       8
       3
       5
       1
       3
       2
       6
       6
       4
       7
       2
       6
       2
       2
       5
       7
       7
       5
       2
       2
       3
       3
       4
       5
       4
       2
       1
       4
       4
       1
       4
       7
       4
       5
       6
       3
       2
      10
       1
       5
       5
       4
       5
       6
       3
       3
       3
       7
       4
       0
       6
       6
       4
       7
       2
       2
       6
       3
       4
       2
       6
       4
       4
       4
       4
       5
       6
       5
       3
      12
      10
      12
       7
       7
       5
       6
       7
       7
       5
       6
      10
       3
      12
       9
       3
       5
       5
       5
       6
       6
       6
       8
       7
      13
      12
       6
       2
       8
       8
       3
       4
       6
       5
       3
       4
      10
       5
      11
       5
      10
       5
       5
       5
      10
       9
       4
      13
       7
       3
       6
       3
      11
       6
       1
      11
      12
      10
      12
       9
      11
      14
      26
      28
      58
     112
     189
     236
     172
      66
      39
      50
      83
      74
      50
      29
      11
      10
       7
       7
       5
       7
       6
       8
      11
       7
       6
      10
       8
      12
      10
      20
       5
      19
      22
      22
      24
      50
     115
     241
     477
     471
     314
     108
      23
      13
       8
      12
       4
       6
       9
       5
      14
       6
       8
       6
      12
      14
       7
      10
       9
       9
      15
      12
       5
      14
      11
      13
       7
       9
       8
      17
      24
      20
      15
      14
      12
      20
      14
      21
      31
      35
      39
      35
      41
      57
      85
     124
     193
     454
    1076
    2135
    2684
    1939
     728
     142
      19
       1
       0
       2
       1
       2
       0
       1
       1
       0
       0
       0
       2
       0
       1
       2
       1
       3
       0
       0
       1
       2
       0
       1
       1
       2
       0
       1
       0
       2
       1
       0
       2
       0
       0
       3
       0
       0
       2
       0
       0
       0
       1
       0
       0
       0
       1
       0
       0
       0
       0
       1
       2
       1
       1
       1
       0
       0
       0
       0
       2
       1
       0
       1
       0
       0
       1
       0
       0
       1
       0
       0
       0
       1
       0
       1
       0
       0
       0
       2
       3
       0
       1
       0
       1
       1
       0
       1
       0
       1
       0
       1
       0
       1
       0
       0
       1
       0
       1
       0
       0
       0
       0
       0
       2
       0
       1
       1
       0
       1
       0
       0
       0
       0
       0
       1
       0
       2
       7
       3
       7
       1
       0
       1
       2
       2
       0
       1
       0
       0
       1
       0
       0
       0
       0
       1
       1
       0
       0
       0
       0
       0
       1
       1
       0
       1
       0
       1
       1
       2
       0
       1
       0
       0
       5
       2
       0
       0
       0
       0
       0
       0
       1
       0
       0
       1
       0
       0
       0
       0
       0
       0
       0
       0
       0
       0
       0
       1
       1
       0
       0
       0
       1
       1
       0
       0
       3
       0
       0
       1
       1
       2
       0
       0
       3
       2
       1
       1
       0
       1
       1
       0
       1
       1
       2
       2
       1
       0
       2
       1
       0
       1
       1
       1
       1
       1
       1
       0
       0
       1
       1
       0
       1
       1
       4
       2
       4
       2
       0
       0
       1
       2
       1
       2
       1
       1
       1
       3
       0
       1
       0
       2
       0
       2
       1
       0
       0
       0
       1
       0
       2
       1
       0
       1
       0
       1
       0
       0
       2
       0
       2
       2
       1
       1
       3
       2
       2
       0
       3
       1
       1
       0
       2
       2
       2
       2
       0
       1
       1
       5
       1
       0
       2
       2
       5
       3
       5
       2
       6
       2
       3
       1
       3
       3
       5
       4
       3
       5
       2
       6
       2
       5
       5
       4
       5
       4
       8
       8
      15
      15
      10
      18
      48
      59
     112
     257
     476
     529
     379
     129
      36
       5
       3
       5
       2
       8
       6
       1
       4
       1
       3
       2
       4
       6
       0
       2
       4
       1
       2
       0
       2
       2
       2
       3
       0
       2
       0
       1
       3
       0
       1
       0
       3
       0
       0
       0
       0
       0
       0
       0
       0
       0
       0
       0
       0
       0
       0
       0
       0
       1
       0
       1
       1
       0
       0
       0
       0
       1
       0
       0
       0
       0
       1
       0
       0
       0
       0
       0
       0
       0
       0
       0
       0
       0
       0
       0
       0
       0
       0
       0
       0
       0
       0
       0
       0
       0
       0
       0
       0
       0
       1
       0
       0
       0
       0
       0
       0
       0
       0
       0
       0
       0
       0
       0
       0
       0
       0
       0
       0
       0
       0
       0
       0
       0
       0
       0
       0
       0
       0
       0
       0
       0
       0
       0
       0
       0
       0
       0
       0
       0
       0
       0
       0
       0
       0
       0
       0
       0
       0
       0
       0
       0
       0
       0
       0
       0
       0
       0
       0
       0
       0
       0
       0
       0
       0
       0
       0
       0
       0
       0
       0
       0
       0
       0
       0
       0
       0
       0
       0
       0
       0
       0
       0
       0
       0
       0
       0
       0
       0
       0
       0
       0
       0
       0
       0
       0
       0
       0
       0
       0
       0
       0
       0
       0
       0
       0
       0
       0
       0
       0
       0
       0
       0
       0
       0
       0
       0
       0
       0
       0
       0
       0
       0
       0
       0
       0
       0
       0
       0
       0
       0
       0
       0
       0
       0
       0
       0
       0
       0
       0
       0
       0
       0
       0
       0
       0
       0
       0
       0
       0
       0
       0
       0
       0
       0
       0
       0
       0
       0
       0
       0
       0
       0
       0
       0
       0
       0
       0
       0
       0
       1
       0
       0
       0
       0
       0
       0
       0
       0
       0
       0
       0
       0
       0
       0
       0
       0
       0
       0
       0
       0
       0
       0
       0
       0
       0
       0
       0
       0
       0
       0
       0
       0
       0
       0
       0
       0
       0
       0
       0
       0
       0
       0
       0
       0
       0
       0
       0
       0
       0
       0
       0
       0
       0
       0
       0
       0
       0
       0
       0
       0
       0
       0
       0
       0
       0
       0
       0
       0
       0
       0
       0
       0
       0
       0
       0
       0
       0
       0
       0
       0
       0
       0
       0
       0
       0
       0
       0
       0
       0
       0
       0
       0
       0
       0
       0
       0
       0
       0
       0
       0
       0
       0
       0
       0
       0
       0
       0
       0
       0
       0
       0
       0
       0
       0
       0
       0
       0
       0
       0
       0
       0
       0
       0
       0
       0
       0
       0
       0
       0
       0
       0
       0
       0
       0
       0
       0
       0
       0
       0
       0
       0
       0
       0
       0
       0
       0
       0
       0
       0
       0
       0
       0
       0
       0
       0
       0
       0
       0
       0
       0
       0
       0
       0
       0
       0
       0
       0
       0
       0
       0
       0
       0
       0
       0
       0
       0
       0
       0
       0
       0
       0
       0
       0
       0
       0
       0
       0
       0
       0
       0
       0
       0
       0
       0
       0
       0
       0
       0
       0
       0
       0
       0
       0
       0
       0
       0
       0
       0
       0
       0
       0
       0
       0
       0
       0
       0
       0
       0
       0
       0
       0
       0
       0
       0
       0
       0
       0
       0
       0
       0
       0
       0
       0
       0
       0
       0
       0
       0
       0
       0
       0
       0
       0
       0
       0
       0
       0
       0
       0
       0
       0
       0
       0
       0
       0
       0
       0
       0
       0
       0
       0
       0
       0
       0
       0
       0
       0
       0
       0
       0
       0
       0
       0
       0
       0
       0
       0
       0
       0
       0
       0
       0
       0
       0
       0
       0
       0
       0
       0
       0
       0
       0
       0
       0
       0
       0
       0
       0
       0
       0
       0
       0
       0
       0
       0
       0
       0
       0
       0
       0
       0
       0
       0
       0
       0
       0
       0
       0
       0
       0
       0
       0
       0
       0
       0
       0
       0
       0
       0
       0
       0
       0
       0
       0
       0
       0
       0
       0
       0
       0
       0
       0
       0
       0
       0
       0
       0
       0
       0
       0
       0
       0
       0
       0
       0
       0
       0
       0
       0
       0
       0
       0
       0
       0
       0
       0
       0
       0
       0
       0
       0
       0
       0
       0
       0
       0
       0
       0
       0
       0
       0
       0
       0
       0
       0
       0
       0
       0
       0
       0
       0
       0
       0
       0
       0
       0
       0
       0
       0
       0
       0
       0
       0
       0
       0
       0
       0
       0
       0
       0
       0
       0
       0
       0
       0
       0
       0
       0
       0
       0
       0
       0
       0
       0
       0
       0
       0
       0
       0
       0
       0
       0
       0
       0
       0
       0
       0
       0
       0
       0
       0
       0
       0
       0
       0
       0
       0
       0
       0
       0
       0
       0
       0
       0
       0
       0
       0
       0
       0
       0
       0
       0
       0
       0
       0
       0
       0
       0
       0
       0
       0
       0
       0
$ROI:
7
803 815
842 854
896 914
931 944
980 993
1296 1317
1587 1590
$PRESETS:
Real Time
14400
0
$ENER_FIT:
-18.576502 6.711768
$MCA_CAL:
3
-1.857650E+001 6.711768E+000 9.444169E-006 KeV
$SHAPE_CAL:
3
-9.428778E-001 9.253461E-003 -3.762110E-006
