$SPEC_ID:
No sample description was entered.
$SPEC_REM:
DET# 1
DETDESC# YESUM2222 MCB 25
AP# Maestro Version 6.06
$DATE_MEA:
06/19/2016 11:52:31
$MEAS_TIM:
1683 1684
$DATA:
0 2047
       0
       0
       0
       0
       0
       0
       0
       0
       0
       0
       0
       0
       0
      19
    2151
    3353
    2837
    2650
    2418
    2309
    2121
    2047
    1946
    1862
    1818
    1921
    1945
    1705
    1525
    1424
    1296
    1248
    1133
    1027
     992
     885
     863
     803
     734
     673
     603
     562
     538
     521
     433
     418
     375
     363
     308
     286
     285
     243
     217
     201
     185
     157
     161
     158
     117
     100
     118
      95
      77
      65
      73
      52
      58
      61
      54
      44
      48
      38
      27
      47
      28
      30
      26
      23
      27
      20
      17
      21
       8
      11
      17
      10
      10
      17
      13
      10
       8
       7
       6
      12
       7
       6
      10
       7
       5
       4
       3
       5
       4
       7
       2
       1
       0
       3
       3
       2
       3
       6
       2
       4
       2
       2
       2
       1
       2
       4
       5
       2
       3
       2
       0
       2
       1
       2
       3
       1
       0
       2
       3
       1
       0
       3
       2
       1
       1
       0
       0
       2
       2
       0
       5
       2
       2
       4
       4
       1
       1
       1
       3
       2
       2
       0
       0
       2
       2
       0
       1
       2
       2
       4
       2
       1
       6
       3
       0
       3
       0
       3
       1
       2
       3
       2
       1
       1
       2
       1
       3
       1
       1
       1
       0
       2
       3
       2
       4
       5
       4
       3
       1
       3
       2
       1
       0
       5
       0
       2
       1
       1
       1
       3
       1
       2
       2
       3
       2
       2
       6
       3
       1
       5
       0
       1
       2
       1
       2
       1
       3
       2
       1
       1
       0
       1
       4
       1
       1
       4
       0
       4
       4
       3
       4
       4
       4
       3
       2
       4
       2
       0
       0
       3
       2
       0
       3
       2
       0
       1
       2
       2
       2
       4
       4
       1
       1
       1
       1
       1
       2
       1
       1
       3
       2
       3
       3
       3
       3
       3
       3
       1
       3
       3
       2
       1
       6
       4
       3
       2
       2
       2
       3
       3
       8
       1
       2
       0
       1
       2
       1
       2
       4
       2
       1
       3
       3
       3
       4
       6
       1
       1
       3
       3
       1
       1
       1
       2
       0
       1
       2
       3
       3
       1
       2
       1
       2
       3
       2
       4
       1
       1
       4
       0
       1
       3
       1
       6
       2
       2
       3
       1
       3
       2
       1
       4
       5
       2
       1
       3
       0
       2
       2
       4
       2
       3
       1
       3
       2
       1
       2
       3
       1
       2
       3
       5
       2
       1
       3
       1
       4
       2
       3
       3
       1
       1
       2
       1
       0
       3
       2
       3
       0
       0
       1
       3
       2
       2
       2
       2
       3
       5
       3
       3
       3
       2
       1
       0
       2
       3
       1
       3
       2
       0
       5
       0
       1
       1
       1
       1
       1
       4
       5
       2
       2
       5
       3
       2
       2
       1
       3
       3
       2
       2
       5
       2
       1
       3
       5
       3
       0
       1
       3
       3
       1
       3
       4
       3
       1
       2
       2
       1
       0
       3
       2
       1
       1
       1
       1
       5
       0
       4
       1
       0
       2
       4
       2
       0
       0
       3
       3
       4
       1
       1
       1
       0
       0
       0
       2
       1
       4
       5
       3
       5
       1
       1
       5
       1
       4
       1
       2
       4
       7
       2
       0
       0
       2
       2
       4
       4
       3
       4
       3
       2
       3
       4
       3
       1
       3
       0
       2
       1
       3
       3
       1
       1
       0
       2
       1
       4
       4
       3
       5
       1
       4
       2
       3
       4
       4
       1
       2
       1
       1
       3
       4
       3
       2
       2
       1
       2
       1
       0
       2
       3
       3
       3
       2
       3
       3
       0
       5
       2
       4
       2
       1
       2
       1
       4
       2
       2
       2
       2
       4
       1
       2
       4
       0
       0
       5
       5
       2
       6
       2
       2
       7
       0
       4
       2
       5
       1
       1
       1
       4
       2
       3
       1
       1
       2
       0
       1
       1
       0
       4
       4
       2
       3
       2
       3
       2
       4
       2
       2
       1
       6
       3
       3
       3
       4
       4
       3
       5
       1
       4
       6
       5
       3
       2
       1
       0
       1
       3
       4
       2
       1
       1
       5
       2
       1
       3
       4
       2
       2
       1
       1
       1
       1
       1
       3
       1
       1
       4
       2
       2
       2
       4
       3
       2
       4
       1
       2
       1
       2
       5
       1
       2
       1
       3
       3
       2
       2
       5
       1
       3
       2
       0
       5
       2
       4
       0
       2
       3
       2
       1
       1
       3
       4
       2
       4
       2
       1
       1
       4
       4
       2
       4
       3
       2
       4
       2
       3
       4
       4
       5
       6
       6
       4
       2
       3
       4
       1
       4
       5
       0
       4
       1
       1
       2
       6
       1
       2
       5
       2
       3
       5
       1
       1
       1
       1
       6
       3
       0
       4
       8
       2
       3
       1
       3
       3
       1
       1
       3
       2
       8
       7
       5
       4
       7
       3
       5
       5
       0
       6
       3
       1
       4
       1
       7
       3
       1
       2
       2
       5
       1
       8
       3
       4
       5
       1
       2
       2
       4
       0
       4
       2
       9
       6
       2
       2
       6
       4
       2
       2
       5
       4
       2
       1
       3
       2
       5
       5
       3
       3
       1
       3
       7
       8
       1
       6
       5
       8
       3
       6
       1
       3
       2
       6
       6
       4
       7
       2
       6
       3
       2
       5
       7
       8
       5
       2
       2
       3
       4
       4
       7
       4
       2
       1
       4
       4
       1
       5
       8
       4
       7
       6
       3
       2
      11
       1
       5
       5
       4
       6
       6
       4
       3
       3
       7
       4
       0
       6
       7
       4
       8
       2
       2
       6
       4
       6
       3
       6
       4
       4
       4
       4
       5
       8
       5
       3
      13
      10
      14
       8
       7
       5
       7
       7
       7
       6
       6
      12
       3
      12
      10
       3
       5
       5
       5
       7
       6
       6
       8
       8
      14
      13
       6
       2
       8
       9
       3
       4
       6
       6
       5
       4
      12
       5
      12
       5
      11
       5
       6
       5
      10
      11
       4
      13
       8
       3
       6
       4
      12
       7
       1
      12
      14
      11
      13
      12
      11
      14
      26
      28
      67
     121
     201
     247
     182
      67
      41
      54
      85
      83
      54
      31
      15
      12
       7
       8
       5
       8
       7
      10
      12
       7
       6
      10
       8
      13
      12
      24
       7
      19
      23
      24
      27
      52
     124
     255
     506
     500
     331
     116
      27
      13
       8
      13
       4
       6
       9
       5
      15
       6
       8
       6
      13
      14
       7
      10
       9
      10
      15
      12
       5
      14
      11
      13
       8
       9
       9
      18
      25
      21
      16
      16
      13
      22
      16
      22
      31
      36
      43
      36
      43
      58
      97
     128
     205
     484
    1143
    2262
    2837
    2040
     773
     148
      19
       1
       0
       2
       1
       2
       0
       1
       1
       0
       0
       0
       2
       0
       2
       2
       1
       3
       0
       0
       1
       2
       0
       1
       1
       2
       0
       1
       0
       2
       1
       0
       2
       0
       0
       3
       0
       0
       2
       0
       0
       0
       1
       0
       0
       0
       1
       0
       0
       0
       0
       1
       2
       1
       1
       1
       0
       0
       0
       0
       2
       1
       0
       1
       0
       0
       1
       0
       0
       1
       0
       0
       0
       1
       0
       1
       0
       0
       0
       2
       3
       0
       1
       0
       1
       1
       0
       1
       0
       1
       0
       1
       0
       1
       0
       0
       1
       0
       1
       0
       0
       0
       0
       0
       2
       0
       1
       1
       0
       1
       0
       0
       0
       0
       0
       1
       0
       2
       8
       4
       8
       2
       0
       1
       2
       2
       0
       1
       0
       0
       1
       0
       0
       0
       0
       1
       1
       0
       0
       0
       0
       0
       1
       1
       0
       1
       0
       1
       1
       2
       1
       1
       0
       0
       5
       2
       0
       0
       0
       0
       0
       0
       1
       0
       0
       1
       0
       0
       0
       0
       0
       0
       0
       0
       0
       0
       0
       1
       1
       0
       0
       0
       2
       1
       0
       0
       3
       0
       0
       1
       1
       2
       0
       0
       3
       2
       1
       1
       0
       1
       1
       0
       1
       2
       2
       2
       1
       0
       2
       1
       1
       1
       1
       1
       1
       1
       1
       0
       0
       1
       1
       0
       1
       1
       4
       2
       4
       2
       0
       0
       1
       2
       1
       2
       2
       1
       1
       3
       0
       1
       0
       2
       0
       2
       1
       0
       0
       0
       1
       0
       2
       1
       0
       1
       2
       1
       0
       0
       2
       0
       2
       3
       1
       1
       3
       2
       2
       2
       3
       1
       1
       0
       2
       2
       4
       3
       0
       1
       1
       6
       1
       0
       2
       2
       5
       3
       5
       2
       6
       2
       3
       1
       3
       3
       6
       4
       3
       5
       3
       7
       3
       6
       5
       4
       5
       4
       9
       8
      16
      15
      10
      19
      51
      63
     116
     281
     522
     571
     395
     138
      41
       6
       4
       6
       2
       8
       6
       2
       4
       1
       4
       2
       4
       6
       0
       2
       5
       1
       3
       0
       2
       2
       2
       3
       0
       2
       0
       1
       3
       0
       1
       0
       3
       0
       0
       0
       0
       0
       0
       0
       0
       0
       0
       0
       0
       0
       0
       0
       0
       1
       0
       1
       1
       0
       0
       0
       0
       1
       0
       0
       0
       0
       1
       0
       0
       0
       0
       0
       0
       0
       0
       0
       0
       0
       0
       0
       0
       0
       0
       0
       0
       0
       0
       0
       0
       0
       0
       0
       0
       0
       1
       0
       0
       0
       0
       0
       0
       0
       0
       0
       0
       0
       0
       0
       0
       0
       0
       0
       0
       0
       0
       0
       0
       0
       0
       0
       0
       0
       0
       0
       0
       0
       0
       0
       0
       0
       0
       0
       0
       0
       0
       0
       0
       0
       0
       0
       0
       0
       0
       0
       0
       0
       0
       0
       0
       0
       0
       0
       0
       0
       0
       0
       0
       0
       0
       0
       0
       0
       0
       0
       0
       0
       0
       0
       0
       0
       0
       0
       0
       0
       0
       0
       0
       0
       0
       0
       0
       0
       0
       0
       0
       0
       0
       0
       0
       0
       0
       0
       0
       0
       0
       0
       0
       0
       0
       0
       0
       0
       0
       0
       0
       0
       0
       0
       0
       0
       0
       0
       0
       0
       0
       0
       0
       0
       0
       0
       0
       0
       0
       0
       0
       0
       0
       0
       0
       0
       0
       0
       0
       0
       0
       0
       0
       0
       0
       0
       0
       0
       0
       0
       0
       0
       0
       0
       0
       0
       0
       0
       0
       0
       0
       0
       0
       0
       0
       0
       0
       0
       0
       0
       1
       0
       0
       0
       0
       0
       0
       0
       0
       0
       0
       0
       0
       0
       0
       0
       0
       0
       0
       0
       0
       0
       0
       0
       0
       0
       0
       0
       0
       0
       0
       0
       0
       0
       0
       0
       0
       0
       0
       0
       0
       0
       0
       0
       0
       0
       0
       0
       0
       0
       0
       0
       0
       0
       0
       0
       0
       0
       0
       0
       0
       0
       0
       0
       0
       0
       0
       0
       0
       0
       0
       0
       0
       0
       0
       0
       0
       0
       0
       0
       0
       0
       0
       0
       0
       0
       0
       0
       0
       0
       0
       0
       0
       0
       0
       0
       0
       0
       0
       0
       0
       0
       0
       0
       0
       0
       0
       0
       0
       0
       0
       0
       0
       0
       0
       0
       0
       0
       0
       0
       0
       0
       0
       0
       0
       0
       0
       0
       0
       0
       0
       0
       0
       0
       0
       0
       0
       0
       0
       0
       0
       0
       0
       0
       0
       0
       0
       0
       0
       0
       0
       0
       0
       0
       0
       0
       0
       0
       0
       0
       0
       0
       0
       0
       0
       0
       0
       0
       0
       0
       0
       0
       0
       0
       0
       0
       0
       0
       0
       0
       0
       0
       0
       0
       0
       0
       0
       0
       0
       0
       0
       0
       0
       0
       0
       0
       0
       0
       0
       0
       0
       0
       0
       0
       0
       0
       0
       0
       0
       0
       0
       0
       0
       0
       0
       0
       0
       0
       0
       0
       0
       0
       0
       0
       0
       0
       0
       0
       0
       0
       0
       0
       0
       0
       0
       0
       0
       0
       0
       0
       0
       0
       0
       0
       0
       0
       0
       0
       0
       0
       0
       0
       0
       0
       0
       0
       0
       0
       0
       0
       0
       0
       0
       0
       0
       0
       0
       0
       0
       0
       0
       0
       0
       0
       0
       0
       0
       0
       0
       0
       0
       0
       0
       0
       0
       0
       0
       0
       0
       0
       0
       0
       0
       0
       0
       0
       0
       0
       0
       0
       0
       0
       0
       0
       0
       0
       0
       0
       0
       0
       0
       0
       0
       0
       0
       0
       0
       0
       0
       0
       0
       0
       0
       0
       0
       0
       0
       0
       0
       0
       0
       0
       0
       0
       0
       0
       0
       0
       0
       0
       0
       0
       0
       0
       0
       0
       0
       0
       0
       0
       0
       0
       0
       0
       0
       0
       0
       0
       0
       0
       0
       0
       0
       0
       0
       0
       0
       0
       0
       0
       0
       0
       0
       0
       0
       0
       0
       0
       0
       0
       0
       0
       0
       0
       0
       0
       0
       0
       0
       0
       0
       0
       0
       0
       0
       0
       0
       0
       0
       0
       0
       0
       0
       0
       0
       0
       0
       0
       0
       0
       0
       0
       0
       0
       0
       0
       0
       0
       0
       0
       0
       0
       0
       0
       0
       0
       0
       0
       0
       0
       0
       0
       0
       0
       0
       0
       0
       0
       0
       0
       0
       0
       0
       0
       0
       0
       0
       0
       0
       0
       0
       0
       0
       0
       0
       0
       0
       0
       0
       0
       0
       0
       0
       0
       0
       0
       0
       0
       0
       0
       0
       0
       0
       0
$ROI:
7
803 815
842 854
896 914
931 944
980 993
1296 1317
1587 1590
$PRESETS:
Real Time
14400
0
$ENER_FIT:
-18.576502 6.711768
$MCA_CAL:
3
-1.857650E+001 6.711768E+000 9.444169E-006 KeV
$SHAPE_CAL:
3
-9.428778E-001 9.253461E-003 -3.762110E-006
