$SPEC_ID:
No sample description was entered.
$SPEC_REM:
DET# 1
DETDESC# YESUM2222 MCB 25
AP# Maestro Version 6.06
$DATE_MEA:
06/19/2016 11:52:31
$MEAS_TIM:
1803 1804
$DATA:
0 2047
       0
       0
       0
       0
       0
       0
       0
       0
       0
       0
       0
       0
       0
      20
    2271
    3538
    3020
    2818
    2571
    2448
    2252
    2168
    2053
    1965
    1922
    2039
    2064
    1802
    1631
    1503
    1369
    1307
    1210
    1072
    1037
     939
     915
     845
     773
     709
     631
     600
     564
     538
     458
     442
     393
     379
     326
     304
     302
     256
     225
     210
     199
     164
     168
     165
     123
     104
     123
      98
      81
      67
      76
      54
      63
      63
      57
      47
      51
      38
      27
      48
      29
      32
      27
      24
      30
      20
      20
      22
      10
      12
      19
      11
      10
      17
      14
      10
       9
       8
       7
      12
       8
       6
      11
       7
       5
       5
       3
       5
       4
       7
       2
       1
       0
       3
       3
       2
       3
       6
       2
       4
       2
       3
       2
       1
       2
       5
       5
       2
       3
       2
       0
       2
       1
       3
       3
       1
       0
       2
       3
       2
       0
       3
       2
       1
       1
       0
       0
       2
       2
       0
       5
       2
       2
       4
       4
       1
       2
       1
       3
       2
       2
       0
       0
       2
       2
       0
       1
       2
       2
       4
       2
       1
       7
       3
       0
       3
       1
       4
       1
       2
       3
       2
       1
       1
       2
       1
       3
       1
       2
       1
       0
       2
       3
       2
       4
       6
       5
       3
       1
       3
       2
       1
       0
       5
       0
       2
       1
       1
       1
       3
       2
       2
       2
       3
       2
       3
       6
       4
       1
       5
       0
       1
       2
       1
       2
       1
       3
       2
       1
       1
       0
       1
       5
       1
       1
       5
       1
       4
       4
       3
       4
       4
       4
       4
       2
       4
       2
       0
       0
       3
       2
       0
       3
       2
       1
       2
       2
       2
       2
       5
       4
       2
       2
       1
       1
       1
       2
       1
       1
       3
       2
       3
       3
       3
       3
       3
       4
       1
       3
       3
       4
       1
       6
       4
       3
       2
       2
       2
       3
       3
       8
       1
       2
       0
       1
       2
       1
       2
       4
       2
       1
       3
       3
       4
       4
       6
       1
       2
       5
       3
       2
       1
       1
       2
       1
       2
       2
       3
       3
       1
       2
       1
       3
       3
       2
       4
       1
       1
       4
       0
       1
       3
       2
       6
       2
       2
       3
       1
       3
       2
       1
       4
       5
       2
       1
       3
       0
       2
       2
       4
       2
       3
       1
       3
       2
       1
       2
       3
       2
       2
       3
       5
       2
       1
       3
       1
       4
       2
       3
       3
       1
       2
       2
       1
       0
       3
       2
       3
       0
       0
       1
       3
       2
       2
       2
       2
       3
       5
       3
       3
       3
       2
       1
       0
       2
       3
       1
       3
       2
       0
       5
       1
       1
       1
       2
       1
       1
       5
       5
       2
       2
       6
       3
       2
       2
       1
       3
       3
       2
       2
       5
       2
       1
       3
       5
       3
       0
       1
       3
       3
       1
       3
       4
       3
       1
       2
       3
       1
       0
       3
       2
       1
       1
       1
       1
       5
       0
       4
       1
       0
       2
       4
       2
       0
       0
       3
       3
       4
       1
       1
       1
       0
       0
       0
       2
       2
       7
       5
       3
       5
       1
       1
       5
       1
       5
       1
       2
       5
       7
       2
       0
       0
       3
       2
       4
       4
       3
       4
       3
       2
       3
       5
       4
       1
       4
       0
       2
       1
       3
       4
       1
       1
       0
       2
       1
       4
       4
       3
       5
       1
       4
       3
       3
       4
       4
       1
       2
       1
       1
       3
       4
       3
       2
       2
       1
       2
       1
       0
       2
       3
       3
       3
       2
       4
       3
       0
       5
       2
       4
       2
       1
       3
       2
       4
       2
       2
       2
       2
       4
       1
       3
       4
       0
       0
       5
       5
       2
       6
       2
       2
       7
       2
       4
       2
       5
       1
       1
       1
       4
       2
       3
       1
       1
       2
       0
       1
       2
       0
       4
       5
       2
       3
       2
       3
       2
       4
       2
       2
       2
       6
       3
       3
       3
       5
       4
       3
       6
       1
       4
       6
       5
       4
       3
       1
       0
       1
       3
       4
       2
       1
       1
       5
       2
       1
       3
       4
       2
       2
       1
       1
       1
       1
       1
       3
       2
       1
       4
       2
       2
       3
       4
       3
       2
       4
       1
       2
       1
       2
       5
       1
       2
       1
       3
       3
       3
       2
       6
       1
       3
       2
       0
       6
       2
       4
       0
       2
       3
       2
       1
       1
       3
       5
       2
       4
       2
       1
       1
       4
       4
       2
       4
       3
       2
       5
       3
       3
       5
       4
       5
       6
       6
       4
       2
       3
       4
       1
       4
       5
       0
       4
       1
       1
       2
       6
       1
       4
       5
       2
       3
       5
       1
       1
       1
       1
       6
       3
       0
       4
       8
       2
       3
       1
       4
       3
       1
       1
       3
       3
       8
       7
       5
       4
       7
       4
       5
       5
       0
       6
       3
       1
       5
       2
       8
       3
       1
       2
       2
       6
       1
       9
       3
       4
       6
       1
       2
       2
       4
       1
       5
       2
       9
       6
       3
       2
       7
       4
       3
       3
       5
       5
       2
       1
       3
       2
       5
       5
       3
       3
       1
       3
       7
       8
       1
       6
       5
       9
       3
       6
       1
       3
       2
       6
       6
       4
       7
       2
       6
       3
       2
       5
       7
       8
       5
       2
       2
       3
       4
       5
       7
       5
       3
       1
       4
       4
       1
       5
       8
       4
       7
       7
       3
       3
      11
       1
       5
       5
       4
       6
       7
       4
       4
       3
       8
       4
       0
       6
       7
       4
       8
       2
       2
       6
       4
       6
       3
       6
       4
       4
       6
       4
       5
       8
       5
       3
      13
      10
      15
       9
       7
       6
       8
       8
       7
       8
       6
      12
       4
      13
      10
       3
       5
       6
       6
       7
       6
       6
       8
       8
      15
      14
       7
       2
       9
       9
       3
       4
       6
       6
       5
       4
      12
       6
      12
       6
      12
       5
       8
       6
      10
      11
       4
      15
       9
       3
       6
       4
      13
       9
       1
      15
      14
      11
      14
      13
      11
      16
      27
      28
      71
     126
     213
     264
     194
      72
      44
      56
      96
      92
      57
      33
      15
      12
       7
      10
       7
       8
       8
      10
      12
       7
       6
      10
       9
      13
      14
      24
       7
      21
      23
      25
      30
      54
     128
     274
     534
     523
     351
     120
      27
      13
       8
      14
       4
       7
      10
       6
      15
       6
       8
       6
      15
      15
       9
      10
       9
      10
      15
      13
       5
      14
      11
      13
       9
       9
       9
      19
      25
      22
      16
      16
      14
      25
      16
      23
      32
      39
      45
      39
      43
      59
     102
     135
     213
     515
    1208
    2401
    2987
    2152
     809
     158
      20
       1
       0
       3
       1
       2
       0
       1
       1
       0
       0
       0
       2
       0
       2
       2
       1
       3
       0
       0
       1
       2
       1
       1
       1
       2
       0
       1
       0
       2
       2
       0
       2
       0
       0
       3
       0
       0
       2
       0
       0
       0
       1
       0
       0
       0
       1
       0
       0
       0
       1
       1
       2
       1
       1
       1
       0
       0
       0
       0
       2
       1
       0
       1
       0
       0
       1
       0
       0
       1
       0
       0
       0
       1
       0
       2
       0
       0
       0
       2
       4
       0
       1
       0
       1
       1
       0
       2
       0
       1
       0
       1
       0
       1
       0
       0
       1
       0
       1
       0
       0
       0
       0
       0
       2
       0
       1
       1
       0
       1
       0
       0
       0
       0
       0
       1
       0
       2
       8
       5
       9
       2
       0
       1
       2
       2
       0
       1
       0
       0
       1
       0
       0
       0
       0
       1
       1
       0
       0
       0
       0
       0
       1
       1
       0
       1
       0
       1
       1
       2
       1
       1
       0
       0
       6
       2
       0
       1
       0
       0
       1
       0
       1
       0
       0
       1
       0
       0
       0
       0
       0
       0
       0
       0
       0
       0
       0
       1
       1
       0
       0
       0
       2
       1
       0
       0
       3
       0
       0
       1
       1
       2
       0
       0
       3
       2
       1
       1
       0
       1
       1
       0
       1
       2
       2
       3
       2
       0
       2
       1
       1
       2
       1
       1
       1
       1
       1
       0
       0
       1
       1
       0
       1
       1
       4
       2
       4
       2
       0
       0
       1
       2
       1
       2
       2
       1
       1
       3
       0
       1
       0
       2
       0
       2
       1
       0
       0
       0
       1
       0
       2
       1
       0
       1
       2
       1
       0
       0
       2
       0
       3
       4
       1
       1
       3
       2
       2
       2
       3
       2
       1
       0
       3
       2
       4
       3
       0
       1
       1
       6
       1
       0
       2
       2
       6
       3
       6
       2
       6
       3
       3
       2
       3
       3
       7
       4
       4
       5
       4
       7
       4
       7
       5
       4
       5
       4
       9
       8
      17
      15
      10
      20
      55
      67
     127
     305
     554
     622
     427
     153
      46
       6
       4
       6
       2
       8
       7
       3
       4
       1
       4
       3
       5
       6
       0
       2
       5
       1
       3
       0
       2
       2
       2
       4
       0
       3
       0
       1
       3
       0
       1
       0
       3
       0
       0
       0
       0
       0
       0
       0
       0
       0
       0
       0
       0
       0
       0
       0
       0
       1
       0
       1
       1
       0
       0
       0
       0
       1
       0
       0
       0
       0
       1
       0
       0
       0
       0
       0
       0
       0
       0
       0
       0
       0
       0
       0
       0
       0
       0
       0
       0
       0
       0
       0
       0
       0
       0
       0
       0
       0
       1
       0
       0
       0
       0
       0
       0
       0
       0
       0
       0
       0
       0
       0
       0
       0
       0
       0
       0
       0
       0
       0
       0
       0
       0
       0
       0
       0
       0
       0
       0
       0
       0
       0
       0
       0
       0
       0
       0
       0
       0
       0
       0
       0
       0
       0
       0
       0
       0
       0
       0
       0
       0
       0
       0
       0
       0
       0
       0
       0
       0
       0
       0
       0
       0
       0
       0
       0
       0
       0
       0
       0
       0
       0
       0
       0
       0
       0
       0
       0
       0
       0
       0
       0
       0
       0
       0
       0
       0
       0
       0
       0
       0
       0
       0
       0
       0
       0
       0
       0
       0
       0
       0
       0
       0
       0
       0
       0
       0
       0
       0
       0
       0
       0
       0
       0
       0
       0
       0
       0
       0
       0
       0
       0
       0
       0
       0
       0
       0
       0
       0
       0
       0
       0
       0
       0
       0
       0
       0
       0
       0
       0
       0
       0
       0
       0
       0
       0
       0
       0
       0
       0
       0
       0
       0
       0
       0
       0
       0
       0
       0
       0
       0
       0
       0
       0
       0
       0
       0
       0
       1
       0
       0
       0
       0
       0
       0
       0
       0
       0
       0
       0
       0
       0
       0
       0
       0
       0
       0
       0
       0
       0
       0
       0
       0
       0
       0
       0
       0
       0
       0
       0
       0
       0
       0
       0
       0
       0
       0
       0
       0
       0
       0
       0
       0
       0
       0
       0
       0
       0
       0
       0
       0
       0
       0
       0
       0
       0
       0
       0
       0
       0
       0
       0
       0
       0
       0
       0
       0
       0
       0
       0
       0
       0
       0
       0
       0
       0
       0
       0
       0
       0
       0
       0
       0
       0
       0
       0
       0
       0
       0
       0
       0
       0
       0
       0
       0
       0
       0
       0
       0
       0
       0
       0
       0
       0
       0
       0
       0
       0
       0
       0
       0
       0
       0
       0
       0
       0
       0
       0
       0
       0
       0
       0
       0
       0
       0
       0
       0
       0
       0
       0
       0
       0
       0
       0
       0
       0
       0
       0
       0
       0
       0
       0
       0
       0
       0
       0
       0
       0
       0
       0
       0
       0
       0
       0
       0
       0
       0
       0
       0
       0
       0
       0
       0
       0
       0
       0
       0
       0
       0
       0
       0
       0
       0
       0
       0
       0
       0
       0
       0
       0
       0
       0
       0
       0
       0
       0
       0
       0
       0
       0
       0
       0
       0
       0
       0
       0
       0
       0
       0
       0
       0
       0
       0
       0
       0
       0
       0
       0
       0
       0
       0
       0
       0
       0
       0
       0
       0
       0
       0
       0
       0
       0
       0
       0
       0
       0
       0
       0
       0
       0
       0
       0
       0
       0
       0
       0
       0
       0
       0
       0
       0
       0
       0
       0
       0
       0
       0
       0
       0
       0
       0
       0
       0
       0
       0
       0
       0
       0
       0
       0
       0
       0
       0
       0
       0
       0
       0
       0
       0
       0
       0
       0
       0
       0
       0
       0
       0
       0
       0
       0
       0
       0
       0
       0
       0
       0
       0
       0
       0
       0
       0
       0
       0
       0
       0
       0
       0
       0
       0
       0
       0
       0
       0
       0
       0
       0
       0
       0
       0
       0
       0
       0
       0
       0
       0
       0
       0
       0
       0
       0
       0
       0
       0
       0
       0
       0
       0
       0
       0
       0
       0
       0
       0
       0
       0
       0
       0
       0
       0
       0
       0
       0
       0
       0
       0
       0
       0
       0
       0
       0
       0
       0
       0
       0
       0
       0
       0
       0
       0
       0
       0
       0
       0
       0
       0
       0
       0
       0
       0
       0
       0
       0
       0
       0
       0
       0
       0
       0
       0
       0
       0
       0
       0
       0
       0
       0
       0
       0
       0
       0
       0
       0
       0
       0
       0
       0
       0
       0
       0
       0
       0
       0
       0
       0
       0
       0
       0
       0
       0
       0
       0
       0
       0
       0
       0
       0
       0
       0
       0
       0
       0
       0
       0
       0
       0
       0
       0
       0
       0
       0
       0
       0
       0
       0
       0
       0
       0
       0
       0
       0
       0
       0
       0
       0
       0
       0
       0
       0
       0
       0
       0
       0
       0
       0
       0
       0
       0
       0
       0
       0
       0
       0
       0
       0
       0
       0
       0
       0
       0
       0
       0
       0
$ROI:
7
803 815
842 854
896 914
931 944
980 993
1296 1317
1587 1590
$PRESETS:
Real Time
14400
0
$ENER_FIT:
-18.576502 6.711768
$MCA_CAL:
3
-1.857650E+001 6.711768E+000 9.444169E-006 KeV
$SHAPE_CAL:
3
-9.428778E-001 9.253461E-003 -3.762110E-006
