$SPEC_ID:
No sample description was entered.
$SPEC_REM:
DET# 1
DETDESC# YESUM2222 MCB 25
AP# Maestro Version 6.06
$DATE_MEA:
06/19/2016 11:52:31
$MEAS_TIM:
2044 2045
$DATA:
0 2047
       0
       0
       0
       0
       0
       0
       0
       0
       0
       0
       0
       0
       0
      20
    2496
    3866
    3348
    3112
    2856
    2706
    2497
    2399
    2256
    2171
    2109
    2275
    2299
    1990
    1781
    1644
    1528
    1435
    1320
    1187
    1142
    1045
    1030
     928
     848
     779
     680
     672
     635
     591
     517
     484
     448
     414
     365
     325
     339
     285
     251
     236
     216
     182
     185
     173
     131
     114
     138
     110
      91
      75
      86
      57
      70
      70
      64
      54
      55
      46
      28
      52
      32
      35
      29
      24
      32
      22
      24
      25
      10
      15
      20
      12
      11
      17
      15
      11
       9
       8
      10
      12
       8
       6
      11
       7
       5
       7
       3
       6
       4
       7
       3
       1
       1
       4
       4
       3
       3
       6
       2
       4
       2
       4
       2
       1
       2
       5
       5
       3
       4
       3
       1
       2
       1
       3
       3
       1
       1
       2
       3
       2
       0
       3
       3
       1
       1
       0
       0
       3
       2
       0
       5
       2
       2
       4
       4
       2
       3
       1
       3
       2
       2
       1
       0
       2
       2
       0
       2
       2
       2
       5
       2
       1
       7
       3
       0
       3
       1
       4
       1
       2
       3
       2
       1
       1
       2
       1
       3
       1
       2
       2
       0
       3
       3
       2
       4
       7
       5
       3
       1
       3
       3
       1
       0
       5
       0
       2
       1
       1
       1
       3
       2
       2
       2
       3
       2
       3
       6
       5
       1
       5
       0
       1
       2
       2
       4
       1
       3
       2
       1
       2
       0
       1
       5
       1
       1
       5
       1
       4
       4
       3
       5
       4
       5
       4
       2
       4
       2
       0
       0
       3
       2
       0
       3
       3
       1
       2
       2
       2
       2
       5
       4
       2
       2
       1
       1
       1
       2
       1
       2
       3
       2
       4
       3
       4
       3
       3
       4
       1
       3
       3
       4
       1
       6
       5
       3
       2
       2
       2
       3
       4
       8
       2
       3
       0
       2
       2
       2
       2
       4
       3
       1
       3
       4
       5
       4
       6
       2
       2
       5
       3
       2
       2
       1
       2
       1
       3
       2
       3
       3
       1
       2
       1
       3
       3
       3
       4
       1
       1
       4
       0
       1
       3
       2
       6
       3
       3
       3
       1
       3
       3
       1
       6
       5
       2
       1
       3
       0
       2
       2
       5
       2
       4
       2
       3
       2
       2
       2
       3
       2
       2
       4
       5
       2
       1
       3
       1
       4
       2
       3
       3
       1
       2
       3
       1
       0
       3
       2
       4
       0
       0
       1
       4
       3
       4
       2
       2
       3
       5
       3
       4
       4
       2
       2
       0
       3
       4
       2
       3
       2
       0
       5
       1
       2
       2
       2
       1
       1
       6
       5
       3
       3
       6
       4
       3
       3
       1
       3
       3
       3
       2
       5
       2
       1
       3
       5
       3
       0
       1
       4
       4
       1
       4
       6
       3
       1
       3
       3
       2
       0
       3
       2
       2
       1
       1
       2
       5
       0
       4
       1
       0
       2
       4
       3
       0
       1
       4
       3
       5
       1
       1
       1
       0
       0
       0
       4
       2
       7
       5
       5
       5
       1
       2
       5
       2
       5
       2
       2
       6
       8
       2
       0
       0
       3
       2
       4
       4
       3
       4
       3
       2
       3
       6
       4
       1
       5
       0
       2
       1
       4
       4
       2
       1
       0
       2
       1
       5
       5
       3
       5
       1
       5
       3
       3
       5
       5
       1
       2
       1
       1
       3
       4
       3
       2
       2
       2
       2
       1
       0
       2
       4
       4
       3
       2
       4
       4
       0
       6
       2
       4
       2
       3
       3
       2
       4
       2
       2
       2
       2
       4
       1
       5
       4
       0
       0
       5
       5
       2
       6
       2
       2
       7
       2
       5
       3
       7
       1
       1
       1
       5
       2
       4
       1
       1
       2
       0
       1
       2
       0
       4
       5
       2
       3
       2
       3
       2
       4
       2
       2
       2
       6
       3
       4
       3
       5
       4
       3
       6
       1
       4
       7
       5
       4
       3
       3
       0
       1
       3
       5
       2
       1
       2
       5
       3
       2
       3
       4
       3
       2
       1
       2
       1
       1
       1
       3
       2
       1
       4
       2
       2
       3
       4
       4
       2
       5
       1
       2
       3
       3
       5
       1
       3
       2
       3
       4
       4
       2
       7
       2
       3
       2
       1
       6
       2
       4
       0
       3
       4
       2
       1
       1
       3
       5
       3
       5
       2
       2
       2
       7
       4
       2
       4
       3
       2
       5
       3
       3
       6
       4
       5
       6
       6
       4
       2
       3
       4
       1
       4
       5
       1
       4
       1
       1
       2
       7
       2
       4
       5
       3
       3
       5
       1
       1
       1
       3
       8
       3
       1
       4
       8
       2
       3
       1
       4
       4
       1
       1
       5
       3
       8
       7
       6
       4
       7
       4
       7
       6
       1
       6
       4
       2
       5
       2
       8
       4
       2
       2
       3
       6
       1
       9
       3
       4
       6
       1
       2
       3
       4
       1
       5
       3
       9
       6
       3
       3
       9
       4
       4
       4
       5
       5
       2
       1
       3
       3
       5
       5
       4
       3
       1
       4
       7
       8
       2
       6
       7
      10
       4
       7
       1
       5
       3
       6
       6
       5
       7
       2
       6
       3
       2
       6
       7
       8
       5
       3
       3
       3
       6
       5
       7
       5
       4
       1
       5
       4
       1
       5
       8
       4
       7
       7
       3
       4
      11
       1
       5
       6
       5
       6
       9
       4
       5
       3
      11
       4
       1
       8
       7
       5
       9
       2
       2
       6
       4
       6
       4
       7
       4
       4
       7
       5
       7
       8
       5
       3
      14
      11
      16
      12
       9
       7
       9
       9
       7
       9
       6
      13
       5
      14
      12
       4
       8
       6
       7
       9
       8
       7
       8
       8
      16
      16
       7
       3
      11
      10
       4
       4
       6
       6
       7
       4
      12
       8
      14
       8
      13
       5
      11
       6
      11
      13
       4
      16
       9
       5
       7
       4
      13
       9
       5
      17
      15
      12
      17
      13
      11
      19
      31
      32
      80
     146
     251
     303
     217
      81
      47
      63
     108
     105
      66
      34
      16
      13
       7
      12
       8
       9
      10
      12
      13
       7
       6
      10
      10
      15
      15
      26
      11
      23
      27
      25
      35
      58
     141
     311
     583
     591
     382
     133
      30
      14
       9
      15
       4
       7
      11
       6
      16
       8
       8
       6
      17
      15
      10
      10
       9
      10
      15
      14
       6
      14
      14
      15
       9
      11
      10
      20
      26
      22
      17
      17
      16
      29
      18
      26
      36
      41
      50
      41
      45
      69
     109
     149
     231
     574
    1340
    2640
    3295
    2351
     876
     171
      21
       1
       0
       3
       1
       2
       0
       1
       1
       1
       0
       1
       2
       0
       2
       3
       2
       3
       0
       0
       1
       2
       1
       1
       1
       2
       0
       1
       0
       2
       2
       0
       2
       1
       0
       3
       0
       0
       2
       0
       0
       0
       1
       0
       0
       0
       1
       0
       0
       0
       1
       1
       2
       1
       1
       1
       0
       0
       0
       0
       2
       1
       0
       1
       0
       0
       1
       0
       0
       1
       0
       0
       0
       1
       0
       2
       0
       0
       0
       2
       4
       0
       1
       0
       1
       1
       0
       2
       1
       1
       0
       1
       0
       1
       0
       1
       1
       0
       1
       0
       0
       0
       1
       0
       2
       0
       1
       1
       0
       1
       0
       0
       0
       0
       0
       4
       1
       2
       9
       5
       9
       2
       0
       1
       2
       2
       0
       1
       0
       0
       1
       0
       0
       1
       0
       1
       1
       0
       0
       0
       0
       0
       1
       1
       0
       1
       0
       1
       1
       2
       1
       1
       0
       0
       7
       2
       0
       1
       0
       1
       1
       0
       1
       0
       0
       1
       1
       0
       0
       0
       0
       0
       0
       0
       0
       0
       0
       1
       1
       0
       1
       0
       2
       1
       0
       0
       3
       0
       0
       1
       1
       2
       0
       0
       4
       2
       1
       1
       0
       1
       1
       0
       1
       2
       2
       3
       2
       1
       2
       1
       1
       2
       1
       1
       1
       1
       1
       0
       0
       1
       1
       0
       2
       1
       4
       2
       4
       3
       0
       0
       1
       2
       1
       2
       2
       2
       1
       3
       0
       1
       1
       2
       0
       3
       1
       0
       0
       0
       1
       2
       2
       1
       1
       1
       2
       1
       0
       0
       3
       0
       4
       4
       1
       1
       4
       2
       3
       2
       4
       4
       1
       0
       3
       2
       5
       4
       0
       1
       1
       7
       4
       0
       2
       2
       7
       3
       8
       2
       6
       4
       3
       3
       3
       3
       7
       4
       5
       6
       4
       7
       4
       8
       5
       5
       5
       5
      10
       9
      18
      17
      11
      25
      57
      72
     150
     347
     617
     715
     498
     178
      50
       6
       6
       8
       2
       9
       7
       3
       5
       1
       4
       4
       6
       6
       1
       3
       5
       2
       3
       0
       2
       2
       2
       4
       0
       3
       0
       1
       3
       0
       1
       0
       4
       0
       0
       0
       0
       0
       0
       0
       0
       0
       0
       0
       0
       0
       0
       0
       0
       1
       0
       2
       1
       0
       0
       0
       0
       1
       0
       0
       0
       0
       1
       0
       0
       0
       0
       0
       0
       0
       0
       0
       0
       0
       0
       0
       0
       0
       0
       0
       0
       0
       0
       0
       0
       0
       0
       0
       0
       0
       1
       0
       0
       0
       0
       0
       0
       0
       0
       0
       0
       0
       0
       0
       0
       0
       0
       0
       0
       0
       0
       0
       0
       0
       0
       0
       0
       0
       0
       0
       0
       0
       0
       0
       0
       0
       0
       0
       0
       0
       0
       0
       0
       0
       0
       0
       0
       0
       0
       0
       0
       0
       0
       0
       0
       0
       0
       0
       0
       0
       0
       0
       0
       0
       0
       0
       0
       0
       0
       0
       0
       0
       0
       0
       0
       0
       0
       0
       0
       0
       0
       0
       0
       0
       0
       0
       0
       0
       0
       0
       0
       0
       0
       0
       0
       0
       0
       0
       0
       0
       0
       0
       0
       0
       0
       0
       0
       0
       0
       0
       0
       0
       0
       0
       0
       0
       0
       0
       0
       0
       0
       0
       0
       0
       0
       0
       0
       0
       0
       0
       0
       0
       0
       0
       0
       0
       0
       0
       0
       0
       0
       0
       0
       0
       0
       0
       0
       0
       0
       0
       0
       0
       0
       0
       0
       0
       0
       0
       0
       0
       0
       0
       0
       0
       0
       0
       0
       0
       0
       0
       1
       0
       0
       0
       0
       0
       0
       0
       0
       0
       0
       0
       0
       0
       0
       0
       0
       0
       0
       0
       0
       0
       0
       0
       0
       0
       0
       0
       0
       0
       0
       0
       0
       0
       0
       0
       0
       0
       0
       0
       0
       0
       0
       0
       0
       0
       0
       0
       0
       0
       0
       0
       0
       0
       0
       0
       0
       0
       0
       0
       0
       0
       0
       0
       0
       0
       0
       0
       0
       0
       0
       0
       0
       0
       0
       0
       0
       0
       0
       0
       0
       0
       0
       0
       0
       0
       0
       0
       0
       0
       0
       0
       0
       0
       0
       0
       0
       0
       0
       0
       0
       0
       0
       0
       0
       0
       0
       0
       0
       0
       0
       0
       0
       0
       0
       0
       0
       0
       0
       0
       0
       0
       0
       0
       0
       0
       0
       0
       0
       0
       0
       0
       0
       0
       0
       0
       0
       0
       0
       0
       0
       0
       0
       0
       0
       0
       0
       0
       0
       0
       0
       0
       0
       0
       0
       0
       0
       0
       0
       0
       0
       0
       0
       0
       0
       0
       0
       0
       0
       0
       0
       0
       0
       0
       0
       0
       0
       0
       0
       0
       0
       0
       0
       0
       0
       0
       0
       0
       0
       0
       0
       0
       0
       0
       0
       0
       0
       0
       0
       0
       0
       0
       0
       0
       0
       0
       0
       0
       0
       0
       0
       0
       0
       0
       0
       0
       0
       0
       0
       0
       0
       0
       0
       0
       0
       0
       0
       0
       0
       0
       0
       0
       0
       0
       0
       0
       0
       0
       0
       0
       0
       0
       0
       0
       0
       0
       0
       0
       0
       0
       0
       0
       0
       0
       0
       0
       0
       0
       0
       0
       0
       0
       0
       0
       0
       0
       0
       0
       0
       0
       0
       0
       0
       0
       0
       0
       0
       0
       0
       0
       0
       0
       0
       0
       0
       0
       0
       0
       0
       0
       0
       0
       0
       0
       0
       0
       0
       0
       0
       0
       0
       0
       0
       0
       0
       0
       0
       0
       0
       0
       0
       0
       0
       0
       0
       0
       0
       0
       0
       0
       0
       0
       0
       0
       0
       0
       0
       0
       0
       0
       0
       0
       0
       0
       0
       0
       0
       0
       0
       0
       0
       0
       0
       0
       0
       0
       0
       0
       0
       0
       0
       0
       0
       0
       0
       0
       0
       0
       0
       0
       0
       0
       0
       0
       0
       0
       0
       0
       0
       0
       0
       0
       0
       0
       0
       0
       0
       0
       0
       0
       0
       0
       0
       0
       0
       0
       0
       0
       0
       0
       0
       0
       0
       0
       0
       0
       0
       0
       0
       0
       0
       0
       0
       0
       0
       0
       0
       0
       0
       0
       0
       0
       0
       0
       0
       0
       0
       0
       0
       0
       0
       0
       0
       0
       0
       0
       0
       0
       0
       0
       0
       0
       0
       0
       0
       0
       0
       0
       0
       0
       0
       0
       0
       0
       0
       0
       0
       0
       0
       0
       0
       0
       0
       0
       0
       0
       0
       0
       0
       0
       0
       0
       0
       0
       0
       0
       0
       0
       0
       0
       0
       0
       0
       0
$ROI:
7
803 815
842 854
896 914
931 944
980 993
1296 1317
1587 1590
$PRESETS:
Real Time
14400
0
$ENER_FIT:
-18.576502 6.711768
$MCA_CAL:
3
-1.857650E+001 6.711768E+000 9.444169E-006 KeV
$SHAPE_CAL:
3
-9.428778E-001 9.253461E-003 -3.762110E-006
