$SPEC_ID:
No sample description was entered.
$SPEC_REM:
DET# 1
DETDESC# YESUM2222 MCB 25
AP# Maestro Version 6.06
$DATE_MEA:
06/19/2016 11:52:31
$MEAS_TIM:
2292 2293
$DATA:
0 2047
       0
       0
       0
       0
       0
       0
       0
       0
       0
       0
       0
       0
       0
      22
    2726
    4225
    3664
    3430
    3121
    2947
    2759
    2619
    2460
    2370
    2304
    2482
    2525
    2211
    1950
    1756
    1667
    1556
    1451
    1310
    1225
    1146
    1118
    1020
     915
     852
     761
     725
     689
     636
     567
     520
     501
     449
     390
     349
     367
     321
     276
     256
     233
     198
     201
     188
     143
     125
     153
     117
     100
      87
      93
      63
      77
      76
      67
      64
      61
      50
      32
      55
      35
      37
      31
      26
      34
      23
      24
      27
      10
      15
      21
      13
      12
      19
      16
      13
       9
      10
      11
      13
       8
       6
      12
       8
       5
       8
       4
       6
       4
       9
       3
       1
       2
       4
       6
       3
       4
       6
       3
       4
       2
       4
       2
       1
       2
       5
       5
       4
       5
       4
       1
       3
       1
       3
       3
       1
       1
       2
       3
       2
       0
       3
       3
       1
       2
       0
       1
       3
       2
       0
       5
       2
       2
       4
       4
       2
       3
       1
       3
       2
       3
       1
       1
       2
       3
       1
       2
       2
       2
       5
       2
       1
       7
       3
       1
       3
       1
       4
       1
       2
       3
       3
       1
       1
       2
       1
       3
       1
       3
       2
       1
       3
       3
       2
       4
       7
       5
       4
       1
       3
       3
       1
       0
       5
       1
       3
       1
       1
       1
       4
       2
       2
       2
       3
       2
       3
       7
       5
       1
       6
       0
       1
       2
       2
       4
       1
       3
       3
       1
       2
       0
       1
       7
       1
       1
       5
       1
       4
       6
       3
       6
       4
       5
       4
       2
       5
       2
       1
       1
       3
       2
       1
       3
       3
       1
       2
       2
       2
       3
       5
       4
       2
       2
       1
       1
       1
       2
       1
       2
       3
       2
       4
       3
       5
       3
       3
       4
       1
       3
       3
       4
       1
       6
       5
       3
       3
       2
       2
       3
       4
       8
       2
       4
       2
       2
       2
       2
       2
       5
       3
       1
       3
       4
       6
       4
       6
       2
       2
       5
       3
       2
       2
       3
       2
       1
       3
       3
       4
       3
       1
       2
       2
       4
       3
       4
       4
       1
       1
       5
       0
       2
       3
       2
       6
       4
       3
       3
       1
       3
       3
       2
       7
       5
       2
       1
       3
       0
       2
       2
       6
       2
       4
       2
       3
       2
       2
       2
       3
       2
       2
       4
       5
       2
       1
       5
       1
       4
       2
       3
       3
       2
       2
       3
       1
       0
       4
       2
       4
       0
       0
       1
       5
       3
       4
       3
       2
       3
       6
       3
       4
       4
       2
       3
       0
       3
       4
       2
       3
       3
       1
       5
       1
       2
       2
       4
       1
       1
       6
       5
       3
       3
       6
       4
       3
       3
       1
       4
       4
       3
       2
       5
       3
       2
       3
       6
       3
       1
       1
       5
       4
       1
       5
       6
       3
       1
       3
       3
       2
       0
       3
       3
       2
       1
       1
       3
       5
       0
       4
       1
       0
       2
       4
       3
       0
       2
       4
       4
       6
       1
       2
       1
       0
       0
       0
       4
       2
       7
       5
       5
       5
       1
       3
       5
       2
       6
       2
       3
       6
       8
       2
       0
       0
       4
       2
       4
       4
       3
       4
       3
       2
       3
       6
       4
       1
       6
       0
       2
       2
       4
       4
       2
       1
       0
       2
       1
       5
       5
       3
       5
       2
       5
       3
       3
       5
       5
       2
       2
       2
       2
       3
       4
       3
       4
       2
       2
       2
       1
       0
       3
       4
       4
       3
       3
       5
       4
       1
       6
       3
       4
       2
       3
       3
       2
       4
       2
       2
       2
       2
       4
       1
       5
       4
       0
       0
       5
       5
       2
       6
       2
       2
       7
       2
       5
       3
       7
       1
       1
       1
       5
       2
       5
       1
       1
       2
       0
       1
       3
       0
       4
       5
       3
       3
       2
       3
       2
       4
       3
       3
       2
       6
       3
       4
       4
       5
       4
       3
       6
       1
       4
       7
       5
       4
       3
       3
       0
       1
       4
       5
       2
       1
       2
       5
       4
       2
       5
       4
       3
       2
       1
       3
       1
       1
       1
       3
       2
       1
       4
       2
       2
       3
       4
       5
       3
       5
       1
       2
       3
       3
       6
       1
       3
       2
       3
       5
       4
       2
       7
       2
       3
       2
       1
       6
       2
       4
       0
       3
       4
       2
       1
       1
       4
       5
       3
       5
       2
       2
       3
       7
       4
       2
       4
       4
       3
       5
       3
       3
       6
       4
       5
       7
       6
       4
       2
       3
       4
       1
       4
       6
       2
       4
       1
       1
       2
       7
       2
       4
       5
       3
       3
       5
       1
       1
       1
       3
       9
       4
       3
       5
       8
       2
       3
       1
       4
       5
       2
       2
       6
       3
       8
       7
       6
       4
       7
       4
       7
       6
       1
       7
       4
       3
       5
       2
       8
       4
       2
       2
       3
       6
       1
       9
       3
       4
       6
       1
       3
       3
       4
       1
       6
       4
       9
       7
       3
       4
       9
       5
       4
       4
       6
       5
       3
       1
       3
       3
       5
       5
       4
       4
       2
       5
       8
       8
       3
       6
       7
      10
       4
       7
       2
       8
       4
       8
       6
       7
       7
       3
       7
       3
       2
       6
       7
       8
       5
       3
       3
       4
       6
       7
       7
       5
       4
       1
       6
       4
       3
       5
       8
       5
       8
       8
       3
       4
      11
       1
       6
       7
       5
       6
      11
       6
       5
       4
      12
       5
       1
       8
       7
       5
      10
       2
       2
       6
       4
       7
       4
      10
       4
       6
       7
       6
       7
       9
       5
       3
      16
      13
      17
      13
       9
       8
       9
       9
       7
      10
       6
      18
       6
      14
      13
       4
       9
       6
       9
       9
      10
       8
      10
       8
      17
      17
       8
       3
      12
      10
       4
       5
       6
       7
       8
       4
      13
       8
      14
       8
      14
       5
      12
       8
      12
      13
       4
      17
      13
       5
       7
       4
      13
       9
       7
      17
      15
      13
      18
      15
      12
      25
      34
      40
      88
     161
     283
     335
     233
      92
      53
      69
     126
     123
      72
      37
      16
      13
       7
      12
       9
      10
      12
      12
      15
       8
       9
      10
      10
      15
      15
      26
      14
      25
      27
      29
      37
      64
     154
     348
     634
     639
     419
     140
      35
      15
       9
      15
       5
      11
      13
       8
      18
       9
       8
       7
      17
      16
      11
      10
      10
      12
      17
      17
       7
      17
      14
      17
      10
      13
      10
      20
      29
      24
      19
      18
      19
      34
      18
      29
      39
      41
      52
      42
      48
      76
     116
     163
     250
     620
    1452
    2864
    3579
    2548
     947
     181
      22
       1
       0
       3
       1
       2
       0
       1
       1
       1
       0
       1
       2
       0
       2
       4
       2
       3
       0
       0
       1
       2
       1
       1
       1
       2
       0
       1
       0
       2
       2
       0
       2
       1
       0
       3
       0
       0
       2
       0
       0
       0
       1
       0
       0
       0
       1
       0
       0
       0
       1
       1
       2
       1
       1
       1
       0
       0
       1
       0
       2
       1
       0
       1
       0
       1
       1
       0
       0
       1
       0
       0
       0
       1
       0
       2
       0
       0
       0
       2
       4
       0
       1
       0
       1
       1
       1
       2
       1
       1
       0
       1
       0
       1
       0
       1
       1
       0
       1
       0
       0
       0
       1
       0
       2
       0
       1
       1
       0
       2
       0
       0
       0
       0
       0
       4
       2
       2
      13
       5
      10
       2
       0
       1
       2
       2
       0
       1
       0
       0
       1
       0
       0
       1
       0
       1
       1
       0
       0
       0
       0
       0
       1
       1
       0
       1
       0
       1
       1
       2
       1
       1
       0
       0
       7
       2
       0
       1
       0
       1
       1
       0
       1
       0
       0
       1
       1
       0
       0
       1
       0
       0
       1
       1
       0
       0
       0
       2
       1
       0
       1
       0
       2
       1
       0
       0
       4
       1
       1
       2
       1
       2
       0
       0
       4
       3
       1
       1
       1
       1
       1
       0
       1
       2
       2
       3
       2
       1
       2
       1
       1
       2
       1
       1
       1
       1
       1
       0
       0
       1
       1
       0
       2
       1
       4
       2
       4
       3
       0
       0
       1
       2
       1
       2
       3
       2
       1
       3
       0
       1
       1
       3
       0
       3
       1
       0
       0
       0
       1
       2
       2
       1
       1
       1
       3
       2
       0
       0
       4
       1
       5
       4
       1
       1
       4
       2
       4
       2
       4
       4
       1
       0
       3
       3
       5
       4
       0
       1
       1
       8
       4
       0
       2
       2
       7
       4
       8
       2
       8
       4
       3
       3
       3
       4
       7
       5
       5
       7
       4
       8
       5
       8
       7
       5
       6
       7
      10
      11
      20
      20
      13
      29
      63
      83
     175
     385
     699
     796
     548
     213
      53
       6
       6
       8
       2
       9
       8
       3
       5
       2
       5
       4
       6
       7
       2
       3
       5
       2
       3
       0
       2
       2
       2
       5
       0
       3
       0
       1
       3
       1
       1
       0
       4
       0
       0
       0
       0
       0
       0
       0
       0
       0
       0
       0
       0
       0
       2
       0
       0
       1
       0
       2
       1
       0
       0
       0
       0
       1
       0
       0
       0
       0
       1
       0
       0
       0
       0
       0
       0
       0
       0
       0
       0
       0
       0
       0
       0
       0
       0
       0
       0
       0
       0
       0
       0
       0
       0
       0
       0
       0
       1
       0
       0
       0
       0
       0
       0
       0
       0
       0
       0
       0
       0
       0
       0
       0
       0
       0
       0
       0
       0
       0
       0
       0
       0
       0
       0
       0
       0
       0
       0
       0
       0
       0
       0
       0
       0
       0
       0
       0
       0
       0
       0
       0
       0
       0
       0
       0
       0
       0
       0
       0
       0
       0
       0
       0
       0
       0
       0
       0
       0
       0
       0
       0
       0
       0
       0
       0
       0
       0
       0
       0
       0
       0
       0
       0
       0
       0
       0
       0
       0
       0
       0
       0
       0
       0
       0
       0
       0
       0
       0
       0
       0
       0
       0
       0
       0
       0
       0
       0
       0
       0
       0
       0
       0
       0
       0
       0
       0
       0
       0
       0
       0
       0
       0
       0
       0
       0
       0
       0
       0
       0
       0
       0
       0
       0
       0
       0
       0
       0
       0
       0
       0
       0
       0
       0
       0
       0
       0
       0
       0
       0
       0
       0
       0
       0
       0
       0
       0
       0
       0
       0
       0
       0
       0
       0
       0
       0
       0
       0
       0
       0
       0
       0
       0
       0
       0
       0
       0
       0
       1
       0
       0
       0
       0
       0
       0
       0
       0
       0
       0
       0
       0
       0
       0
       0
       0
       0
       0
       0
       0
       0
       0
       0
       0
       0
       0
       0
       0
       0
       0
       0
       0
       0
       0
       0
       0
       0
       0
       0
       0
       0
       0
       0
       0
       0
       0
       0
       0
       0
       0
       0
       0
       0
       0
       0
       0
       0
       0
       0
       0
       0
       0
       0
       0
       0
       0
       0
       0
       0
       0
       0
       0
       0
       0
       0
       0
       0
       0
       0
       0
       0
       0
       0
       0
       0
       0
       0
       0
       0
       0
       0
       0
       0
       0
       0
       0
       0
       0
       0
       0
       0
       0
       0
       0
       0
       0
       0
       0
       0
       0
       0
       0
       0
       0
       0
       0
       0
       0
       0
       0
       0
       0
       0
       0
       0
       0
       0
       0
       0
       0
       0
       0
       0
       0
       0
       0
       0
       0
       0
       0
       0
       0
       0
       0
       0
       0
       0
       0
       0
       0
       0
       0
       0
       0
       0
       0
       0
       0
       0
       0
       0
       0
       0
       0
       0
       0
       0
       0
       0
       0
       0
       0
       0
       0
       0
       0
       0
       0
       0
       0
       0
       0
       0
       0
       0
       0
       0
       0
       0
       0
       0
       0
       0
       0
       0
       0
       0
       0
       0
       0
       0
       0
       0
       0
       0
       0
       0
       0
       0
       0
       0
       0
       0
       0
       0
       0
       0
       0
       0
       0
       0
       0
       0
       0
       0
       0
       0
       0
       0
       0
       0
       0
       0
       0
       0
       0
       0
       0
       0
       0
       0
       0
       0
       0
       0
       0
       0
       0
       0
       0
       0
       0
       0
       0
       0
       0
       0
       0
       0
       0
       0
       0
       0
       0
       0
       0
       0
       0
       0
       0
       0
       0
       0
       0
       0
       0
       0
       0
       0
       0
       0
       0
       0
       0
       0
       0
       0
       0
       0
       0
       0
       0
       0
       0
       0
       0
       0
       0
       0
       0
       0
       0
       0
       0
       0
       0
       0
       0
       0
       0
       0
       0
       0
       0
       0
       0
       0
       0
       0
       0
       0
       0
       0
       0
       0
       0
       0
       0
       0
       0
       0
       0
       0
       0
       0
       0
       0
       0
       0
       0
       0
       0
       0
       0
       0
       0
       0
       0
       0
       0
       0
       0
       0
       0
       0
       0
       0
       0
       0
       0
       0
       0
       0
       0
       0
       0
       0
       0
       0
       0
       0
       0
       0
       0
       0
       0
       0
       0
       0
       0
       0
       0
       0
       0
       0
       0
       0
       0
       0
       0
       0
       0
       0
       0
       0
       0
       0
       0
       0
       0
       0
       0
       0
       0
       0
       0
       0
       0
       0
       0
       0
       0
       0
       0
       0
       0
       0
       0
       0
       0
       0
       0
       0
       0
       0
       0
       0
       0
       0
       0
       0
       0
       0
       0
       0
       0
       0
       0
       0
       0
       0
       0
       0
       0
       0
       0
       0
       0
       0
       0
       0
       0
       0
       0
       0
       0
       0
       0
       0
       0
       0
       0
       0
       0
       0
       0
       0
       0
       0
       0
       0
       0
       0
$ROI:
7
803 815
842 854
896 914
931 944
980 993
1296 1317
1587 1590
$PRESETS:
Real Time
14400
0
$ENER_FIT:
-18.576502 6.711768
$MCA_CAL:
3
-1.857650E+001 6.711768E+000 9.444169E-006 KeV
$SHAPE_CAL:
3
-9.428778E-001 9.253461E-003 -3.762110E-006
