$SPEC_ID:
No sample description was entered.
$SPEC_REM:
DET# 1
DETDESC# YESUM2222 MCB 25
AP# Maestro Version 6.06
$DATE_MEA:
06/19/2016 11:52:31
$MEAS_TIM:
2524 2525
$DATA:
0 2047
       0
       0
       0
       0
       0
       0
       0
       0
       0
       0
       0
       0
       0
      26
    2905
    4532
    3953
    3689
    3354
    3158
    2968
    2808
    2648
    2541
    2476
    2683
    2717
    2376
    2076
    1868
    1779
    1676
    1569
    1419
    1326
    1224
    1188
    1097
     982
     917
     816
     766
     744
     693
     604
     562
     535
     488
     416
     369
     385
     332
     301
     279
     249
     214
     214
     195
     151
     134
     162
     120
     107
      91
      99
      71
      79
      79
      68
      69
      62
      53
      36
      58
      38
      39
      32
      33
      35
      24
      28
      28
      10
      15
      22
      15
      13
      19
      17
      14
      10
      10
      11
      13
       9
       7
      12
       9
       5
       8
       4
       6
       5
       9
       3
       1
       2
       5
       7
       3
       4
       7
       3
       4
       3
       4
       2
       1
       2
       5
       5
       4
       5
       4
       1
       3
       1
       3
       3
       1
       1
       2
       3
       2
       0
       4
       3
       1
       2
       0
       1
       3
       2
       1
       6
       2
       2
       4
       4
       2
       5
       2
       5
       2
       4
       2
       1
       2
       3
       1
       2
       2
       3
       5
       4
       1
       7
       4
       1
       3
       1
       4
       1
       2
       3
       3
       1
       1
       2
       1
       3
       1
       3
       2
       1
       3
       3
       3
       5
       7
       6
       5
       1
       3
       3
       1
       0
       6
       1
       3
       2
       1
       1
       5
       2
       2
       2
       4
       2
       4
       7
       6
       1
       6
       1
       1
       2
       2
       4
       1
       4
       3
       2
       2
       0
       1
       7
       1
       2
       5
       1
       4
       6
       3
       7
       4
       5
       4
       2
       5
       2
       2
       1
       3
       3
       1
       4
       4
       1
       2
       3
       2
       3
       5
       4
       2
       2
       1
       1
       2
       2
       1
       3
       3
       2
       5
       4
       5
       3
       3
       4
       1
       3
       3
       4
       1
       6
       5
       3
       3
       2
       2
       3
       4
       9
       2
       4
       2
       2
       2
       2
       2
       5
       4
       1
       4
       4
       6
       4
       7
       2
       2
       5
       3
       2
       2
       3
       2
       1
       3
       3
       4
       3
       1
       2
       2
       5
       3
       4
       4
       1
       1
       5
       0
       2
       3
       2
       6
       4
       3
       3
       2
       3
       3
       2
       7
       5
       2
       1
       4
       0
       2
       2
       6
       3
       4
       2
       3
       2
       2
       2
       3
       2
       2
       4
       5
       4
       2
       5
       1
       4
       2
       3
       3
       2
       3
       3
       3
       0
       4
       3
       4
       0
       0
       1
       6
       3
       4
       3
       2
       3
       6
       3
       5
       4
       2
       3
       0
       3
       4
       2
       3
       3
       1
       5
       1
       3
       2
       4
       1
       1
       7
       6
       3
       4
       6
       4
       3
       3
       1
       5
       5
       3
       2
       5
       3
       2
       5
       6
       4
       1
       2
       5
       4
       1
       6
       6
       3
       1
       3
       4
       2
       0
       4
       3
       2
       1
       1
       3
       5
       0
       4
       1
       0
       2
       4
       3
       0
       2
       5
       4
       6
       1
       3
       1
       0
       1
       0
       4
       2
       8
       6
       6
       5
       1
       3
       5
       2
       6
       3
       4
       6
       8
       2
       0
       0
       4
       2
       4
       5
       3
       4
       3
       2
       3
       6
       4
       2
       6
       0
       2
       3
       4
       4
       3
       1
       0
       2
       1
       5
       5
       3
       5
       3
       5
       3
       4
       5
       5
       2
       2
       2
       2
       3
       4
       3
       5
       2
       2
       2
       2
       1
       3
       5
       5
       3
       3
       7
       4
       1
       6
       3
       4
       3
       3
       3
       2
       4
       2
       2
       2
       2
       4
       1
       5
       4
       0
       0
       6
       6
       4
       6
       2
       3
       7
       2
       5
       3
       8
       2
       1
       1
       5
       2
       5
       1
       1
       3
       1
       1
       3
       1
       4
       5
       4
       3
       3
       3
       2
       5
       3
       3
       2
       7
       3
       4
       4
       5
       5
       3
       6
       1
       4
       7
       5
       4
       3
       3
       0
       2
       4
       5
       4
       1
       2
       6
       5
       3
       5
       4
       3
       3
       1
       3
       1
       1
       1
       3
       2
       1
       6
       2
       2
       4
       4
       5
       3
       5
       1
       2
       3
       3
       6
       1
       3
       2
       3
       5
       5
       2
       7
       3
       3
       2
       1
       6
       2
       4
       0
       3
       5
       2
       1
       2
       4
       6
       3
       6
       3
       2
       3
       7
       4
       2
       4
       4
       3
       6
       3
       3
       6
       4
       6
       7
       7
       4
       2
       4
       5
       3
       4
       7
       2
       5
       2
       1
       2
       7
       2
       4
       5
       5
       4
       5
       2
       1
       1
       3
       9
       4
       3
       7
       8
       2
       4
       1
       5
       5
       2
       2
       6
       3
       8
       7
       6
       4
       7
       4
       7
       6
       3
       7
       4
       5
       5
       2
       8
       4
       3
       3
       5
       6
       2
       9
       5
       4
       7
       1
       3
       3
       5
       2
       6
       4
       9
       7
       3
       4
       9
       6
       4
       5
       7
       6
       4
       1
       3
       3
       5
       7
       5
       4
       3
       6
       8
       8
       3
       6
       8
      11
       5
       8
       4
       8
       4
       9
       6
       7
       7
       3
       7
       3
       2
       7
       8
       8
       6
       3
       3
       4
       8
       7
       7
       5
       4
       1
       6
       6
       3
       5
       8
       6
       8
       9
       3
       4
      11
       1
       6
       7
       6
       6
      12
       6
       5
       4
      13
       6
       1
       9
       8
       7
      10
       2
       2
       6
       5
       8
       5
      10
       4
       7
       8
       6
       7
      10
       5
       3
      17
      14
      17
      13
       9
       8
       9
       9
       7
      12
       6
      19
       7
      14
      14
       4
       9
       6
       9
      10
      10
       9
      10
       8
      18
      18
       9
       3
      12
      10
       4
       6
       6
       7
       8
       4
      17
       9
      14
       9
      14
       5
      14
       9
      13
      13
       5
      17
      16
       6
       7
       5
      15
      10
       8
      18
      15
      14
      20
      15
      13
      26
      36
      43
      95
     183
     304
     374
     258
     102
      57
      75
     135
     141
      85
      43
      18
      14
       7
      12
       9
      10
      14
      12
      16
       8
      12
      11
      13
      15
      16
      27
      15
      25
      28
      32
      41
      70
     161
     374
     677
     682
     459
     148
      36
      15
      10
      16
       6
      14
      14
       9
      18
      10
       9
       8
      17
      16
      11
      11
      10
      15
      20
      17
       8
      18
      14
      18
      11
      14
      10
      22
      31
      26
      20
      20
      20
      34
      23
      29
      41
      44
      57
      46
      49
      81
     123
     174
     264
     661
    1564
    3050
    3825
    2703
    1003
     191
      22
       1
       0
       3
       1
       2
       0
       1
       1
       1
       0
       1
       2
       0
       2
       5
       2
       3
       0
       0
       1
       2
       1
       2
       1
       2
       0
       1
       0
       2
       2
       0
       2
       1
       0
       3
       0
       0
       2
       1
       0
       0
       1
       0
       0
       0
       1
       0
       0
       0
       1
       1
       2
       1
       1
       2
       0
       0
       1
       0
       2
       1
       0
       1
       0
       1
       1
       0
       0
       1
       0
       0
       0
       1
       0
       2
       0
       0
       0
       2
       4
       0
       1
       0
       1
       1
       1
       2
       1
       1
       0
       1
       0
       1
       0
       1
       1
       0
       1
       0
       0
       0
       1
       0
       2
       1
       1
       1
       0
       2
       0
       0
       0
       0
       0
       4
       3
       2
      13
       6
      10
       2
       0
       1
       2
       2
       0
       1
       0
       0
       1
       0
       0
       1
       0
       1
       1
       0
       0
       0
       1
       0
       1
       1
       0
       1
       0
       1
       2
       2
       1
       1
       0
       0
       8
       3
       0
       1
       0
       1
       1
       0
       1
       0
       0
       1
       1
       0
       0
       1
       0
       0
       2
       1
       0
       0
       0
       2
       2
       0
       1
       0
       2
       1
       0
       0
       4
       1
       1
       2
       1
       3
       0
       0
       4
       3
       1
       1
       1
       1
       1
       1
       1
       2
       2
       3
       2
       1
       3
       1
       1
       2
       1
       1
       1
       1
       1
       0
       0
       2
       1
       0
       3
       1
       4
       2
       4
       3
       0
       0
       1
       2
       1
       2
       3
       2
       1
       3
       1
       1
       1
       3
       0
       4
       2
       1
       0
       0
       2
       2
       2
       1
       1
       1
       3
       2
       0
       1
       5
       1
       5
       4
       1
       1
       5
       3
       4
       2
       5
       4
       1
       0
       3
       3
       5
       4
       0
       1
       1
       9
       4
       0
       2
       4
       7
       4
       8
       2
       8
       4
       3
       4
       3
       5
       8
       6
       6
       9
       4
       8
       6
       9
       8
       6
       7
       7
      13
      13
      22
      23
      16
      32
      68
      89
     197
     431
     759
     864
     588
     233
      58
       8
       8
      10
       2
      10
       8
       4
       6
       2
       6
       4
       6
       7
       2
       3
       6
       2
       3
       0
       2
       2
       2
       6
       0
       3
       0
       1
       3
       1
       1
       0
       4
       0
       0
       0
       0
       0
       0
       0
       0
       0
       0
       0
       0
       0
       2
       0
       0
       1
       0
       2
       1
       0
       0
       0
       0
       1
       0
       0
       0
       0
       1
       0
       0
       0
       0
       0
       0
       0
       0
       0
       0
       0
       0
       0
       0
       0
       0
       0
       0
       0
       0
       0
       0
       0
       0
       0
       0
       0
       1
       0
       0
       0
       0
       0
       0
       0
       0
       0
       0
       0
       0
       0
       0
       0
       0
       0
       0
       0
       0
       0
       0
       0
       0
       0
       0
       0
       0
       0
       0
       0
       0
       0
       0
       0
       0
       0
       0
       0
       0
       0
       0
       0
       0
       0
       0
       0
       0
       0
       0
       0
       0
       0
       0
       0
       0
       0
       0
       0
       0
       0
       0
       0
       0
       0
       0
       0
       0
       0
       0
       0
       0
       0
       0
       0
       0
       0
       0
       0
       0
       0
       0
       0
       0
       0
       0
       0
       0
       0
       0
       0
       0
       0
       0
       0
       0
       0
       0
       0
       0
       0
       0
       0
       0
       0
       0
       0
       0
       0
       0
       0
       0
       0
       0
       0
       0
       0
       0
       0
       0
       0
       0
       0
       0
       0
       0
       0
       0
       0
       0
       0
       0
       0
       0
       0
       0
       0
       0
       0
       0
       0
       0
       0
       0
       0
       0
       0
       0
       0
       0
       0
       0
       0
       0
       0
       0
       0
       0
       0
       0
       0
       0
       0
       0
       0
       0
       0
       0
       0
       1
       0
       0
       0
       0
       0
       0
       0
       0
       0
       0
       0
       0
       0
       0
       0
       0
       0
       0
       0
       0
       0
       0
       0
       0
       0
       0
       0
       0
       0
       0
       0
       0
       0
       0
       0
       0
       0
       0
       0
       0
       0
       0
       0
       0
       0
       0
       0
       0
       0
       0
       0
       0
       0
       0
       0
       0
       0
       0
       0
       0
       0
       0
       0
       0
       0
       0
       0
       0
       0
       0
       0
       0
       0
       0
       0
       0
       0
       0
       0
       0
       0
       0
       0
       0
       0
       0
       0
       0
       0
       0
       0
       0
       0
       0
       0
       0
       0
       0
       0
       0
       0
       0
       0
       0
       0
       0
       0
       0
       0
       0
       0
       0
       0
       0
       0
       0
       0
       0
       0
       0
       0
       0
       0
       0
       0
       0
       0
       0
       0
       0
       0
       0
       0
       0
       0
       0
       0
       0
       0
       0
       0
       0
       0
       0
       0
       0
       0
       0
       0
       0
       0
       0
       0
       0
       0
       0
       0
       0
       0
       0
       0
       0
       0
       0
       0
       0
       0
       0
       0
       0
       0
       0
       0
       0
       0
       0
       0
       0
       0
       0
       0
       0
       0
       0
       0
       0
       0
       0
       0
       0
       0
       0
       0
       0
       0
       0
       0
       0
       0
       0
       0
       0
       0
       0
       0
       0
       0
       0
       0
       0
       0
       0
       0
       0
       0
       0
       0
       0
       0
       0
       0
       0
       0
       0
       0
       0
       0
       0
       0
       0
       0
       0
       0
       0
       0
       0
       0
       0
       0
       0
       0
       0
       0
       0
       0
       0
       0
       0
       0
       0
       0
       0
       0
       0
       0
       0
       0
       0
       0
       0
       0
       0
       0
       0
       0
       0
       0
       0
       0
       0
       0
       0
       0
       0
       0
       0
       0
       0
       0
       0
       0
       0
       0
       0
       0
       0
       0
       0
       0
       0
       0
       0
       0
       0
       0
       0
       0
       0
       0
       0
       0
       0
       0
       0
       0
       0
       0
       0
       0
       0
       0
       0
       0
       0
       0
       0
       0
       0
       0
       0
       0
       0
       0
       0
       0
       0
       0
       0
       0
       0
       0
       0
       0
       0
       0
       0
       0
       0
       0
       0
       0
       0
       0
       0
       0
       0
       0
       0
       0
       0
       0
       0
       0
       0
       0
       0
       0
       0
       0
       0
       0
       0
       0
       0
       0
       0
       0
       0
       0
       0
       0
       0
       0
       0
       0
       0
       0
       0
       0
       0
       0
       0
       0
       0
       0
       0
       0
       0
       0
       0
       0
       0
       0
       0
       0
       0
       0
       0
       0
       0
       0
       0
       0
       0
       0
       0
       0
       0
       0
       0
       0
       0
       0
       0
       0
       0
       0
       0
       0
       0
       0
       0
       0
       0
       0
       0
       0
       0
       0
       0
       0
       0
       0
       0
       0
       0
       0
       0
       0
       0
       0
       0
       0
       0
       0
       0
       0
       0
       0
       0
       0
       0
       0
       0
       0
       0
       0
       0
       0
       0
       0
       0
       0
       0
       0
       0
       0
       0
       0
       0
       0
       0
       0
$ROI:
7
803 815
842 854
896 914
931 944
980 993
1296 1317
1587 1590
$PRESETS:
Real Time
14400
0
$ENER_FIT:
-18.576502 6.711768
$MCA_CAL:
3
-1.857650E+001 6.711768E+000 9.444169E-006 KeV
$SHAPE_CAL:
3
-9.428778E-001 9.253461E-003 -3.762110E-006
