$SPEC_ID:
No sample description was entered.
$SPEC_REM:
DET# 1
DETDESC# YESUM2222 MCB 25
AP# Maestro Version 6.06
$DATE_MEA:
06/19/2016 11:52:31
$MEAS_TIM:
2775 2776
$DATA:
0 2047
       0
       0
       0
       0
       0
       0
       0
       0
       0
       0
       0
       0
       0
      26
    3103
    4844
    4248
    3975
    3596
    3395
    3170
    3015
    2843
    2723
    2648
    2894
    2920
    2561
    2208
    1993
    1878
    1795
    1655
    1526
    1418
    1307
    1282
    1170
    1053
     985
     872
     825
     790
     758
     643
     604
     566
     529
     443
     398
     411
     353
     325
     300
     272
     234
     220
     206
     158
     151
     173
     129
     112
     101
     112
      75
      84
      83
      71
      71
      69
      55
      40
      63
      41
      41
      33
      36
      35
      25
      29
      28
      11
      16
      24
      17
      13
      21
      18
      14
      10
      10
      12
      13
       9
      11
      12
       9
       5
       9
       4
       6
       6
       9
       4
       1
       2
       5
       7
       4
       5
       7
       3
       4
       3
       4
       2
       1
       2
       6
       5
       4
       5
       4
       2
       3
       2
       4
       3
       1
       1
       2
       3
       2
       0
       4
       3
       2
       2
       0
       1
       3
       2
       1
       6
       2
       2
       4
       4
       2
       5
       2
       5
       3
       5
       2
       1
       2
       3
       1
       2
       2
       3
       5
       4
       1
       7
       5
       2
       4
       2
       4
       1
       3
       3
       3
       1
       2
       2
       1
       3
       2
       3
       2
       1
       3
       3
       3
       5
       7
       6
       5
       2
       3
       3
       1
       0
       6
       1
       3
       2
       2
       1
       6
       2
       2
       2
       5
       2
       4
       7
       6
       2
       6
       1
       1
       2
       2
       4
       1
       4
       3
       2
       4
       1
       1
       7
       2
       2
       5
       4
       4
       6
       3
       8
       4
       5
       5
       2
       5
       2
       2
       2
       3
       3
       1
       4
       4
       1
       2
       3
       2
       3
       5
       5
       2
       2
       1
       1
       2
       2
       1
       3
       3
       2
       5
       5
       5
       3
       3
       4
       1
       3
       3
       4
       1
       6
       5
       3
       3
       3
       2
       3
       4
       9
       2
       4
       3
       2
       2
       2
       2
       5
       4
       1
       4
       4
       6
       5
       7
       2
       2
       5
       3
       2
       3
       5
       3
       2
       3
       3
       5
       3
       1
       2
       3
       5
       3
       4
       4
       1
       2
       5
       0
       2
       3
       2
       6
       4
       3
       4
       2
       3
       3
       2
       7
       6
       2
       1
       4
       1
       2
       2
       6
       3
       4
       2
       3
       2
       2
       2
       3
       3
       2
       4
       6
       4
       2
       6
       1
       4
       3
       3
       3
       2
       3
       3
       3
       0
       4
       3
       4
       0
       0
       1
       6
       3
       4
       3
       3
       3
       6
       4
       5
       4
       3
       3
       0
       3
       4
       2
       3
       3
       1
       6
       1
       3
       3
       4
       2
       2
       8
       7
       3
       4
       6
       4
       3
       3
       2
       6
       6
       3
       2
       5
       4
       2
       6
       6
       4
       1
       3
       6
       5
       1
       6
       7
       3
       1
       3
       4
       2
       0
       4
       3
       2
       2
       1
       3
       5
       0
       4
       1
       0
       2
       4
       3
       0
       2
       5
       4
       6
       1
       3
       1
       0
       1
       0
       4
       3
       8
       8
       6
       5
       1
       3
       5
       2
       6
       3
       4
       6
       8
       4
       0
       0
       4
       2
       4
       5
       4
       4
       3
       2
       3
       6
       4
       2
       6
       0
       2
       3
       4
       5
       3
       1
       1
       2
       1
       5
       5
       4
       5
       3
       5
       4
       5
       5
       5
       2
       2
       2
       2
       3
       5
       3
       5
       2
       3
       2
       2
       1
       4
       5
       6
       4
       3
       7
       5
       1
       6
       3
       4
       4
       3
       3
       3
       4
       2
       3
       2
       3
       4
       2
       5
       4
       0
       1
       6
       6
       4
       7
       2
       3
       7
       2
       5
       3
       8
       2
       1
       1
       6
       2
       5
       1
       1
       4
       1
       2
       4
       1
       4
       5
       4
       3
       3
       3
       2
       5
       3
       3
       2
       7
       3
       4
       4
       5
       5
       4
       6
       1
       4
       8
       5
       6
       4
       3
       1
       2
       4
       7
       4
       2
       2
       6
       5
       4
       5
       4
       3
       3
       1
       3
       1
       1
       2
       4
       3
       1
       6
       2
       2
       4
       4
       5
       3
       7
       1
       2
       3
       3
       6
       2
       4
       2
       3
       5
       7
       2
       7
       5
       3
       3
       1
       6
       2
       4
       0
       3
       5
       2
       1
       2
       4
       6
       4
       7
       3
       2
       3
       7
       4
       2
       4
       4
       3
       6
       3
       4
       8
       4
       6
       9
       7
       4
       2
       4
       5
       3
       5
       7
       2
       5
       2
       1
       2
       7
       2
       5
       5
       5
       5
       5
       2
       1
       1
       3
      10
       4
       3
       8
       9
       2
       4
       1
       6
       5
       3
       2
       6
       3
       8
       8
       6
       7
       7
       4
       7
       6
       3
       7
       4
       6
       5
       2
       8
       4
       4
       4
       5
       6
       2
       9
       6
       4
       7
       1
       3
       3
       5
       2
       6
       4
       9
       7
       3
       4
       9
       6
       4
       5
       7
       6
       4
       1
       4
       3
       5
       7
       5
       4
       3
       7
       9
       8
       3
       7
      10
      12
       7
       8
       5
       8
       4
       9
       6
       7
       8
       3
       7
       3
       2
       7
       9
       8
       6
       3
       3
       4
       8
       8
       7
       5
       4
       1
       6
       6
       4
       6
       8
       6
       8
       9
       3
       5
      11
       1
       6
       7
       7
       6
      12
       6
       7
       5
      13
       8
       1
       9
       8
       8
      11
       3
       2
       6
       5
       8
       5
      10
       4
       8
       9
       7
       9
      10
       7
       3
      17
      17
      19
      15
       9
      10
      11
       9
       8
      12
       6
      19
       9
      14
      14
       6
      10
       7
      10
      10
      10
       9
      10
       8
      20
      20
      11
       3
      12
      10
       4
       7
       6
       7
       8
       5
      20
      10
      15
       9
      14
       5
      14
       9
      14
      13
       7
      19
      17
       7
       7
       6
      15
      11
       8
      20
      15
      16
      20
      18
      14
      28
      42
      45
     100
     202
     336
     402
     288
     116
      66
      92
     146
     154
      96
      44
      18
      14
       8
      13
      10
      10
      14
      14
      17
       8
      12
      11
      14
      15
      17
      28
      16
      27
      31
      33
      44
      78
     173
     394
     715
     723
     485
     153
      38
      15
      12
      20
       6
      15
      16
       9
      20
      11
      11
      10
      17
      16
      11
      11
      10
      15
      20
      19
       9
      18
      17
      19
      12
      14
      10
      25
      33
      29
      21
      22
      24
      36
      26
      36
      44
      48
      61
      51
      53
      83
     125
     185
     282
     704
    1679
    3228
    4085
    2873
    1064
     204
      24
       1
       0
       3
       1
       2
       0
       1
       1
       1
       0
       1
       2
       0
       2
       5
       2
       3
       0
       0
       1
       2
       1
       2
       1
       2
       0
       1
       0
       2
       2
       0
       2
       1
       0
       3
       0
       0
       2
       1
       0
       0
       1
       0
       0
       0
       1
       0
       0
       0
       1
       1
       2
       1
       1
       2
       0
       0
       1
       0
       2
       1
       0
       1
       0
       1
       2
       0
       0
       1
       0
       0
       0
       1
       0
       2
       0
       0
       0
       2
       4
       0
       1
       0
       1
       2
       1
       2
       1
       1
       0
       1
       0
       1
       0
       1
       1
       1
       1
       0
       0
       0
       1
       0
       2
       1
       1
       1
       0
       2
       0
       0
       0
       0
       0
       5
       3
       2
      13
       8
      11
       3
       0
       1
       2
       2
       0
       1
       0
       0
       1
       0
       0
       1
       0
       1
       1
       0
       0
       0
       1
       0
       1
       1
       0
       1
       0
       1
       2
       2
       1
       1
       0
       0
       8
       3
       0
       1
       0
       2
       1
       0
       1
       0
       0
       1
       1
       0
       0
       1
       0
       0
       2
       1
       0
       0
       0
       2
       2
       0
       1
       0
       2
       1
       0
       1
       5
       1
       1
       2
       1
       3
       0
       0
       4
       3
       1
       2
       1
       1
       1
       1
       1
       2
       2
       3
       3
       1
       3
       1
       1
       2
       1
       1
       1
       1
       1
       0
       0
       2
       1
       0
       3
       2
       4
       2
       4
       3
       0
       0
       1
       2
       1
       2
       4
       2
       1
       3
       1
       1
       1
       4
       0
       4
       2
       1
       0
       0
       2
       2
       3
       1
       1
       1
       3
       2
       1
       1
       5
       1
       5
       4
       2
       1
       6
       6
       7
       4
       5
       4
       1
       0
       3
       3
       5
       4
       0
       2
       1
       9
       4
       0
       2
       4
       7
       4
       8
       3
       9
       4
       3
       4
       4
       6
       8
       7
       6
       9
       5
       8
       6
       9
      13
       6
       8
       7
      14
      16
      25
      24
      17
      35
      72
     103
     214
     469
     830
     959
     642
     250
      60
       8
       8
      10
       5
      11
       9
       4
       6
       2
       7
       5
       6
       7
       3
       3
       6
       2
       4
       0
       2
       2
       2
       6
       1
       3
       0
       1
       3
       1
       1
       0
       4
       0
       0
       0
       0
       0
       0
       0
       0
       0
       0
       0
       0
       0
       2
       0
       0
       1
       0
       2
       1
       0
       0
       0
       0
       1
       0
       0
       0
       0
       1
       0
       0
       0
       0
       0
       0
       0
       0
       0
       0
       0
       0
       0
       0
       0
       0
       0
       0
       0
       0
       0
       0
       0
       0
       0
       0
       0
       1
       0
       0
       0
       0
       0
       0
       0
       0
       0
       0
       0
       0
       0
       0
       0
       0
       0
       0
       0
       0
       0
       0
       0
       0
       0
       0
       0
       0
       0
       0
       0
       0
       0
       0
       0
       0
       0
       0
       0
       0
       0
       0
       0
       0
       0
       0
       0
       0
       0
       0
       0
       0
       0
       0
       0
       0
       0
       0
       0
       0
       0
       0
       0
       0
       0
       0
       0
       0
       0
       0
       0
       0
       0
       0
       0
       0
       0
       0
       0
       0
       0
       0
       0
       0
       0
       0
       0
       0
       0
       0
       0
       0
       0
       0
       0
       0
       0
       0
       0
       0
       0
       0
       0
       0
       0
       0
       0
       0
       0
       0
       0
       0
       0
       0
       0
       0
       0
       0
       0
       0
       0
       0
       0
       0
       0
       0
       0
       0
       0
       0
       0
       0
       0
       0
       0
       0
       0
       0
       0
       0
       0
       0
       0
       0
       0
       0
       0
       0
       0
       0
       0
       0
       0
       0
       0
       0
       0
       0
       0
       0
       0
       0
       0
       0
       0
       0
       0
       0
       0
       1
       0
       0
       0
       0
       0
       0
       0
       0
       0
       0
       0
       0
       0
       0
       0
       0
       0
       0
       0
       0
       0
       0
       0
       0
       0
       0
       0
       0
       0
       0
       0
       0
       0
       0
       0
       0
       0
       0
       0
       0
       0
       0
       0
       0
       0
       0
       0
       0
       0
       0
       0
       0
       0
       0
       0
       0
       0
       0
       0
       0
       0
       0
       0
       0
       0
       0
       0
       0
       0
       0
       0
       0
       0
       0
       0
       0
       0
       0
       0
       0
       0
       0
       0
       0
       0
       0
       0
       0
       0
       0
       0
       0
       0
       0
       0
       0
       0
       0
       0
       0
       0
       0
       0
       0
       0
       0
       0
       0
       0
       0
       0
       0
       0
       0
       0
       0
       0
       0
       0
       0
       0
       0
       0
       0
       0
       0
       0
       0
       0
       0
       0
       0
       0
       0
       0
       0
       0
       0
       0
       0
       0
       0
       0
       0
       0
       0
       0
       0
       0
       0
       0
       0
       0
       0
       0
       0
       0
       0
       0
       0
       0
       0
       0
       0
       0
       0
       0
       0
       0
       0
       0
       0
       0
       0
       0
       0
       0
       0
       0
       0
       0
       0
       0
       0
       0
       0
       0
       0
       0
       0
       0
       0
       0
       0
       0
       0
       0
       0
       0
       0
       0
       0
       0
       0
       0
       0
       0
       0
       0
       0
       0
       0
       0
       0
       0
       0
       0
       0
       0
       0
       0
       0
       0
       0
       0
       0
       0
       0
       0
       0
       0
       0
       0
       0
       0
       0
       0
       0
       0
       0
       0
       0
       0
       0
       0
       0
       0
       0
       0
       0
       0
       0
       0
       0
       0
       0
       0
       0
       0
       0
       0
       0
       0
       0
       0
       0
       0
       0
       0
       0
       0
       0
       0
       0
       0
       0
       0
       0
       0
       0
       0
       0
       0
       0
       0
       0
       0
       0
       0
       0
       0
       0
       0
       0
       0
       0
       0
       0
       0
       0
       0
       0
       0
       0
       0
       0
       0
       0
       0
       0
       0
       0
       0
       0
       0
       0
       0
       0
       0
       0
       0
       0
       0
       0
       0
       0
       0
       0
       0
       0
       0
       0
       0
       0
       0
       0
       0
       0
       0
       0
       0
       0
       0
       0
       0
       0
       0
       0
       0
       0
       0
       0
       0
       0
       0
       0
       0
       0
       0
       0
       0
       0
       0
       0
       0
       0
       0
       0
       0
       0
       0
       0
       0
       0
       0
       0
       0
       0
       0
       0
       0
       0
       0
       0
       0
       0
       0
       0
       0
       0
       0
       0
       0
       0
       0
       0
       0
       0
       0
       0
       0
       0
       0
       0
       0
       0
       0
       0
       0
       0
       0
       0
       0
       0
       0
       0
       0
       0
       0
       0
       0
       0
       0
       0
       0
       0
       0
       0
       0
       0
       0
       0
       0
       0
       0
       0
       0
       0
       0
       0
       0
       0
       0
       0
       0
       0
       0
       0
       0
       0
       0
       0
       0
       0
       0
       0
       0
       0
       0
       0
       0
       0
       0
       0
       0
       0
       0
       0
       0
       0
       0
       0
       0
$ROI:
7
803 815
842 854
896 914
931 944
980 993
1296 1317
1587 1590
$PRESETS:
Real Time
14400
0
$ENER_FIT:
-18.576502 6.711768
$MCA_CAL:
3
-1.857650E+001 6.711768E+000 9.444169E-006 KeV
$SHAPE_CAL:
3
-9.428778E-001 9.253461E-003 -3.762110E-006
