$SPEC_ID:
No sample description was entered.
$SPEC_REM:
DET# 1
DETDESC# YESUM2222 MCB 25
AP# Maestro Version 6.06
$DATE_MEA:
06/19/2016 11:52:31
$MEAS_TIM:
3005 3007
$DATA:
0 2047
       0
       0
       0
       0
       0
       0
       0
       0
       0
       0
       0
       0
       0
      26
    3281
    5131
    4510
    4215
    3820
    3608
    3352
    3186
    3001
    2869
    2786
    3060
    3091
    2705
    2341
    2133
    1959
    1912
    1736
    1623
    1505
    1391
    1360
    1246
    1120
    1037
     923
     868
     833
     794
     682
     637
     592
     549
     473
     424
     429
     376
     342
     317
     292
     242
     235
     214
     167
     163
     187
     142
     117
     106
     116
      78
      91
      88
      75
      73
      71
      57
      45
      64
      44
      42
      37
      36
      38
      25
      30
      31
      12
      20
      24
      20
      16
      21
      19
      14
      12
      12
      13
      13
      11
      12
      12
       9
       5
      11
       4
       6
       6
      10
       4
       1
       2
       5
       8
       4
       5
       8
       3
       5
       3
       4
       2
       2
       2
       6
       6
       4
       5
       4
       2
       3
       2
       4
       3
       1
       1
       2
       3
       2
       0
       4
       3
       3
       2
       0
       2
       3
       2
       1
       6
       3
       2
       5
       4
       3
       6
       2
       5
       3
       5
       2
       1
       3
       3
       1
       2
       2
       3
       5
       5
       1
       7
       5
       2
       4
       2
       4
       1
       3
       3
       3
       1
       2
       2
       1
       3
       3
       3
       2
       1
       3
       4
       3
       5
       7
       6
       5
       2
       3
       3
       1
       0
       6
       1
       3
       2
       2
       1
       6
       2
       2
       2
       6
       2
       4
       8
       8
       2
       6
       1
       1
       2
       3
       4
       1
       4
       4
       2
       4
       1
       1
       7
       2
       2
       5
       4
       4
       6
       3
       8
       4
       5
       5
       3
       6
       2
       3
       3
       3
       3
       1
       4
       5
       2
       2
       3
       3
       3
       5
       6
       2
       2
       1
       1
       2
       2
       1
       3
       3
       2
       5
       5
       5
       3
       3
       5
       1
       3
       3
       4
       1
       6
       6
       3
       3
       3
       2
       3
       4
       9
       2
       5
       3
       2
       2
       2
       2
       5
       4
       1
       5
       4
       6
       5
       7
       2
       2
       6
       3
       2
       3
       6
       4
       2
       3
       3
       5
       4
       1
       2
       3
       5
       3
       4
       5
       1
       2
       5
       0
       3
       3
       2
       6
       4
       4
       4
       2
       3
       3
       2
       7
       7
       2
       1
       4
       1
       2
       2
       6
       3
       4
       2
       3
       2
       2
       2
       3
       3
       3
       5
       6
       5
       3
       6
       1
       4
       3
       3
       3
       3
       3
       3
       3
       0
       4
       3
       5
       0
       0
       1
       6
       3
       4
       3
       3
       3
       6
       4
       5
       4
       3
       4
       0
       3
       4
       2
       3
       3
       1
       6
       1
       3
       3
       4
       2
       2
       8
       7
       3
       4
       6
       4
       3
       3
       3
       7
       6
       3
       2
       5
       4
       2
       6
       6
       4
       1
       3
       6
       5
       1
       7
       7
       3
       1
       3
       4
       4
       0
       4
       3
       2
       2
       1
       3
       5
       0
       4
       1
       0
       2
       5
       3
       0
       2
       5
       4
       6
       1
       3
       1
       0
       1
       0
       4
       3
       8
       8
       6
       5
       1
       3
       5
       2
       6
       3
       4
       6
       9
       4
       0
       0
       4
       2
       5
       5
       5
       5
       3
       2
       3
       6
       4
       2
       6
       0
       2
       3
       4
       5
       3
       1
       1
       2
       1
       6
       5
       4
       5
       3
       5
       4
       5
       6
       5
       2
       3
       2
       2
       3
       5
       3
       5
       2
       3
       2
       2
       1
       4
       5
       6
       4
       3
       7
       5
       2
       7
       3
       5
       4
       3
       3
       3
       4
       2
       3
       2
       3
       4
       2
       5
       4
       0
       1
       7
       6
       4
       7
       2
       3
       7
       2
       5
       3
       9
       2
       1
       1
       6
       2
       5
       1
       1
       4
       1
       3
       5
       1
       4
       5
       4
       3
       3
       3
       2
       5
       3
       3
       2
       7
       3
       4
       4
       5
       5
       4
       6
       1
       4
       8
       5
       6
       4
       3
       1
       2
       4
       7
       5
       2
       3
       6
       5
       4
       5
       4
       3
       4
       1
       3
       1
       1
       2
       4
       4
       2
       7
       2
       2
       7
       4
       5
       4
       8
       2
       2
       4
       3
       7
       4
       4
       2
       3
       5
       8
       2
       7
       5
       3
       3
       1
       6
       2
       4
       0
       4
       5
       2
       2
       2
       4
       6
       4
       7
       3
       3
       3
       7
       4
       2
       4
       4
       3
       6
       3
       4
       8
       4
       7
       9
       7
       4
       2
       5
       5
       3
       5
       7
       2
       6
       2
       1
       2
       9
       2
       6
       5
       5
       6
       5
       3
       1
       1
       3
      10
       4
       3
       8
      11
       2
       5
       1
       7
       6
       3
       2
       8
       3
       8
       8
       6
       7
       8
       4
       7
       6
       3
       7
       4
       7
       6
       2
       8
       4
       4
       5
       5
       6
       2
       9
       6
       4
       7
       1
       3
       3
       5
       2
       6
       4
       9
       8
       4
       4
      11
       6
       6
       5
       7
       6
       4
       2
       5
       4
       5
       7
       5
       5
       3
       8
       9
       8
       3
       7
      11
      12
       7
      10
       5
       8
       5
       9
       6
       7
       8
       3
       7
       3
       2
       7
      10
       8
       6
       3
       3
       5
       9
       8
       9
       5
       5
       1
       7
       6
       4
       7
       9
       6
       8
       9
       3
       8
      12
       1
       6
       7
       7
       7
      13
       6
       9
       5
      13
      11
       2
      10
       9
       8
      12
       3
       2
       6
       5
       8
       5
      11
       4
       8
       9
       9
      10
      10
       8
       3
      19
      19
      19
      17
       9
      10
      12
       9
       8
      13
       7
      22
      10
      15
      14
       6
      11
       8
      10
      10
      11
      10
      10
      11
      21
      21
      13
       4
      13
      10
       4
       7
       6
       8
       8
       6
      21
      11
      16
       9
      14
       7
      14
       9
      16
      13
       8
      20
      18
       8
       7
       6
      16
      13
       8
      20
      15
      16
      20
      20
      15
      30
      44
      51
     110
     213
     363
     443
     305
     131
      71
      96
     157
     166
      99
      46
      19
      17
       9
      13
      10
      10
      14
      16
      17
       8
      12
      11
      15
      16
      17
      31
      16
      28
      33
      36
      45
      83
     181
     412
     756
     757
     504
     159
      39
      16
      12
      20
       6
      15
      17
      10
      21
      14
      11
      10
      17
      17
      11
      11
      11
      18
      20
      19
       9
      19
      18
      21
      13
      14
      11
      26
      35
      33
      22
      22
      26
      37
      27
      36
      45
      52
      64
      53
      54
      86
     136
     187
     293
     731
    1779
    3376
    4268
    3044
    1120
     211
      26
       1
       0
       3
       1
       2
       0
       1
       1
       2
       0
       1
       2
       0
       2
       5
       2
       3
       1
       0
       1
       2
       1
       2
       1
       2
       0
       1
       0
       2
       2
       0
       2
       1
       0
       3
       0
       0
       2
       1
       0
       0
       1
       0
       0
       0
       1
       0
       0
       0
       1
       1
       2
       1
       1
       2
       0
       0
       1
       0
       2
       1
       1
       1
       0
       1
       2
       0
       0
       1
       0
       0
       0
       1
       0
       2
       0
       0
       0
       2
       4
       0
       1
       0
       1
       3
       1
       2
       1
       1
       0
       1
       0
       1
       0
       1
       1
       1
       1
       0
       0
       0
       1
       0
       2
       1
       1
       1
       0
       2
       0
       0
       0
       0
       0
       5
       3
       2
      14
       8
      11
       3
       0
       1
       2
       2
       0
       1
       0
       0
       1
       0
       0
       1
       0
       1
       1
       0
       0
       0
       1
       0
       1
       1
       0
       1
       0
       1
       2
       2
       1
       1
       0
       0
       9
       3
       0
       1
       0
       2
       1
       0
       2
       0
       0
       1
       1
       0
       0
       2
       0
       0
       2
       1
       1
       0
       0
       2
       2
       0
       1
       0
       2
       1
       0
       1
       5
       1
       1
       2
       2
       3
       0
       0
       4
       3
       1
       2
       1
       1
       1
       1
       1
       4
       3
       4
       3
       1
       3
       2
       1
       2
       1
       1
       2
       1
       1
       0
       1
       2
       1
       0
       3
       2
       5
       2
       4
       3
       0
       0
       1
       3
       1
       2
       5
       2
       1
       3
       1
       1
       1
       5
       0
       5
       2
       1
       0
       1
       2
       2
       3
       1
       2
       1
       3
       2
       1
       2
       5
       1
       5
       4
       2
       1
       6
       6
       7
       4
       5
       4
       1
       0
       3
       4
       5
       4
       0
       2
       1
       9
       4
       2
       2
       4
       7
       4
       8
       3
      10
       5
       3
       4
       4
       8
       8
       8
       6
       9
       5
       8
       6
      10
      13
       6
       8
       7
      16
      17
      26
      24
      22
      40
      76
     113
     229
     514
     890
    1043
     698
     263
      60
       8
       8
      10
       6
      12
       9
       4
       7
       2
       8
       6
       6
       8
       3
       3
       6
       2
       4
       0
       3
       2
       2
       6
       2
       3
       0
       1
       3
       1
       1
       0
       4
       1
       0
       0
       0
       0
       0
       0
       0
       0
       0
       0
       0
       0
       2
       0
       0
       1
       0
       2
       1
       0
       0
       0
       0
       1
       0
       0
       0
       0
       1
       0
       0
       0
       0
       0
       0
       0
       0
       0
       0
       0
       0
       0
       0
       0
       0
       0
       0
       0
       0
       0
       0
       0
       0
       0
       0
       0
       1
       0
       0
       0
       0
       0
       0
       0
       0
       0
       0
       0
       0
       0
       0
       0
       0
       0
       0
       0
       0
       0
       0
       0
       0
       0
       0
       0
       0
       0
       0
       0
       0
       0
       0
       0
       0
       0
       0
       0
       0
       0
       0
       0
       0
       0
       0
       0
       0
       0
       0
       0
       0
       0
       0
       0
       0
       0
       0
       0
       0
       0
       0
       0
       0
       0
       0
       0
       0
       0
       0
       0
       0
       0
       0
       0
       0
       0
       0
       0
       0
       0
       0
       0
       0
       0
       0
       0
       0
       0
       0
       0
       0
       0
       0
       0
       0
       0
       0
       0
       0
       0
       0
       0
       0
       0
       0
       0
       0
       0
       0
       0
       0
       0
       0
       0
       0
       0
       0
       0
       0
       0
       0
       0
       0
       0
       0
       0
       0
       0
       0
       0
       0
       0
       0
       0
       0
       0
       0
       0
       0
       0
       0
       0
       0
       0
       0
       0
       0
       0
       0
       0
       0
       0
       0
       0
       0
       0
       0
       0
       0
       0
       0
       0
       0
       0
       0
       0
       0
       0
       1
       0
       0
       0
       0
       0
       0
       0
       0
       0
       0
       0
       0
       0
       0
       0
       0
       0
       0
       0
       0
       0
       0
       0
       0
       0
       0
       0
       0
       0
       0
       0
       0
       0
       0
       0
       0
       0
       0
       0
       0
       0
       0
       0
       0
       0
       0
       0
       0
       0
       0
       0
       0
       0
       0
       0
       0
       0
       0
       0
       0
       0
       0
       0
       0
       0
       0
       0
       0
       0
       0
       0
       0
       0
       0
       0
       0
       0
       0
       0
       0
       0
       0
       0
       0
       0
       0
       0
       0
       0
       0
       0
       0
       0
       0
       0
       0
       0
       0
       0
       0
       0
       0
       0
       0
       0
       0
       0
       0
       0
       0
       0
       0
       0
       0
       0
       0
       0
       0
       0
       0
       0
       0
       0
       0
       0
       0
       0
       0
       0
       0
       0
       0
       0
       0
       0
       0
       0
       0
       0
       0
       0
       0
       0
       0
       0
       0
       0
       0
       0
       0
       0
       0
       0
       0
       0
       0
       0
       0
       0
       0
       0
       0
       0
       0
       0
       0
       0
       0
       0
       0
       0
       0
       0
       0
       0
       0
       0
       0
       0
       0
       0
       0
       0
       0
       0
       0
       0
       0
       0
       0
       0
       0
       0
       0
       0
       0
       0
       0
       0
       0
       0
       0
       0
       0
       0
       0
       0
       0
       0
       0
       0
       0
       0
       0
       0
       0
       0
       0
       0
       0
       0
       0
       0
       0
       0
       0
       0
       0
       0
       0
       0
       0
       0
       0
       0
       0
       0
       0
       0
       0
       0
       0
       0
       0
       0
       0
       0
       0
       0
       0
       0
       0
       0
       0
       0
       0
       0
       0
       0
       0
       0
       0
       0
       0
       0
       0
       0
       0
       0
       0
       0
       0
       0
       0
       0
       0
       0
       0
       0
       0
       0
       0
       0
       0
       0
       0
       0
       0
       0
       0
       0
       0
       0
       0
       0
       0
       0
       0
       0
       0
       0
       0
       0
       0
       0
       0
       0
       0
       0
       0
       0
       0
       0
       0
       0
       0
       0
       0
       0
       0
       0
       0
       0
       0
       0
       0
       0
       0
       0
       0
       0
       0
       0
       0
       0
       0
       0
       0
       0
       0
       0
       0
       0
       0
       0
       0
       0
       0
       0
       0
       0
       0
       0
       0
       0
       0
       0
       0
       0
       0
       0
       0
       0
       0
       0
       0
       0
       0
       0
       0
       0
       0
       0
       0
       0
       0
       0
       0
       0
       0
       0
       0
       0
       0
       0
       0
       0
       0
       0
       0
       0
       0
       0
       0
       0
       0
       0
       0
       0
       0
       0
       0
       0
       0
       0
       0
       0
       0
       0
       0
       0
       0
       0
       0
       0
       0
       0
       0
       0
       0
       0
       0
       0
       0
       0
       0
       0
       0
       0
       0
       0
       0
       0
       0
       0
       0
       0
       0
       0
       0
       0
       0
       0
       0
       0
       0
       0
       0
       0
       0
       0
       0
       0
       0
       0
       0
       0
       0
       0
       0
       0
       0
       0
       0
       0
       0
       0
       0
       0
       0
       0
       0
       0
$ROI:
7
803 815
842 854
896 914
931 944
980 993
1296 1317
1587 1590
$PRESETS:
Real Time
14400
0
$ENER_FIT:
-18.576502 6.711768
$MCA_CAL:
3
-1.857650E+001 6.711768E+000 9.444169E-006 KeV
$SHAPE_CAL:
3
-9.428778E-001 9.253461E-003 -3.762110E-006
