$SPEC_ID:
No sample description was entered.
$SPEC_REM:
DET# 1
DETDESC# YESUM2222 MCB 25
AP# Maestro Version 6.06
$DATE_MEA:
06/19/2016 11:52:31
$MEAS_TIM:
3242 3243
$DATA:
0 2047
       0
       0
       0
       0
       0
       0
       0
       0
       0
       0
       0
       0
       0
      27
    3445
    5407
    4761
    4440
    4039
    3779
    3519
    3350
    3168
    3009
    2945
    3221
    3260
    2846
    2460
    2234
    2070
    1987
    1830
    1712
    1586
    1469
    1419
    1319
    1171
    1083
     974
     905
     879
     835
     720
     668
     629
     579
     503
     440
     450
     397
     366
     337
     300
     258
     245
     219
     176
     172
     194
     149
     123
     110
     125
      85
      97
      92
      79
      74
      76
      63
      49
      64
      48
      43
      40
      39
      39
      26
      34
      32
      14
      21
      25
      21
      16
      21
      21
      15
      12
      12
      13
      13
      11
      13
      14
      10
       5
      12
       4
       6
       6
      10
       4
       1
       2
       5
       8
       4
       6
       8
       3
       5
       3
       4
       2
       2
       2
       6
       6
       4
       5
       5
       3
       3
       2
       4
       5
       1
       1
       3
       3
       2
       0
       5
       3
       3
       2
       0
       2
       3
       2
       1
       6
       3
       2
       5
       4
       3
       6
       2
       5
       3
       5
       2
       1
       3
       3
       2
       2
       2
       3
       5
       5
       1
       8
       5
       2
       4
       2
       4
       1
       3
       3
       3
       1
       2
       2
       1
       3
       3
       3
       2
       1
       4
       4
       3
       5
       7
       6
       5
       2
       3
       3
       1
       1
       6
       1
       3
       2
       2
       2
       6
       3
       2
       2
       6
       2
       5
       8
       8
       3
       6
       2
       1
       4
       3
       4
       1
       4
       4
       2
       4
       1
       2
       7
       2
       2
       5
       4
       4
       6
       3
       9
       4
       5
       5
       3
       6
       2
       3
       3
       3
       3
       1
       4
       5
       2
       3
       3
       3
       3
       5
       6
       4
       2
       1
       1
       2
       2
       1
       3
       3
       2
       5
       5
       5
       3
       3
       5
       1
       3
       3
       5
       1
       6
       6
       3
       3
       3
       2
       4
       4
       9
       2
       5
       3
       2
       2
       2
       2
       5
       5
       1
       5
       4
       6
       6
       7
       2
       2
       6
       3
       2
       3
       6
       5
       2
       4
       3
       5
       4
       1
       3
       3
       5
       3
       5
       6
       1
       2
       5
       1
       3
       3
       2
       6
       4
       4
       4
       2
       3
       3
       2
       8
       7
       2
       1
       4
       1
       2
       2
       6
       3
       4
       2
       3
       2
       2
       2
       3
       3
       3
       5
       6
       5
       3
       6
       1
       4
       3
       4
       3
       3
       3
       3
       3
       0
       4
       3
       6
       0
       1
       1
       6
       3
       5
       3
       3
       3
       6
       4
       5
       4
       3
       4
       1
       3
       4
       2
       3
       3
       2
       6
       1
       3
       3
       4
       2
       2
       8
       7
       3
       4
       6
       5
       3
       3
       3
       7
       6
       4
       2
       6
       4
       3
       6
       6
       4
       1
       4
       6
       5
       1
       8
       7
       3
       2
       3
       4
       5
       0
       4
       4
       2
       2
       1
       3
       5
       0
       4
       1
       1
       2
       5
       3
       0
       2
       5
       4
       6
       1
       3
       1
       0
       1
       0
       4
       3
       8
       8
       6
       5
       1
       3
       5
       2
       6
       3
       4
       6
       9
       4
       0
       0
       4
       2
       5
       5
       5
       5
       3
       2
       3
       7
       4
       3
       6
       2
       2
       4
       4
       5
       3
       1
       1
       2
       1
       6
       5
       4
       5
       3
       5
       4
       5
       6
       5
       3
       3
       2
       5
       3
       6
       3
       5
       3
       3
       3
       2
       1
       4
       6
       6
       4
       3
       7
       5
       2
       7
       3
       5
       4
       4
       3
       3
       4
       2
       3
       2
       3
       4
       2
       5
       4
       0
       1
       7
       6
       4
       7
       2
       4
       8
       2
       5
       3
       9
       2
       1
       1
       6
       2
       6
       1
       1
       4
       1
       3
       5
       1
       5
       5
       4
       4
       3
       3
       2
       5
       3
       3
       3
       7
       3
       4
       4
       5
       7
       4
       7
       1
       4
       8
       6
       8
       4
       3
       1
       2
       4
       7
       5
       2
       4
       7
       5
       4
       6
       5
       3
       5
       1
       3
       2
       1
       2
       4
       4
       2
       7
       2
       2
       7
       4
       5
       5
       8
       2
       2
       4
       3
       7
       4
       4
       2
       4
       5
       8
       2
       8
       5
       3
       3
       1
       6
       2
       4
       0
       4
       5
       2
       2
       3
       4
       6
       5
       7
       3
       3
       3
       9
       5
       2
       4
       4
       3
       6
       3
       4
       8
       4
       9
      10
       7
       4
       2
       5
       5
       3
       5
       7
       2
       7
       2
       1
       2
       9
       2
       6
       6
       5
       6
       5
       5
       1
       2
       3
      10
       4
       3
       8
      11
       2
       5
       1
       7
       6
       3
       2
       8
       3
       8
       8
       6
       7
       8
       4
       8
       6
       4
       7
       4
       7
       6
       2
       8
       5
       4
       5
       5
       7
       2
      10
       7
       4
       9
       1
       3
       3
       5
       2
       7
       4
       9
       9
       4
       4
      11
       6
       6
       5
       7
       6
       5
       2
       5
       4
       5
       7
       5
       6
       3
       8
       9
       9
       3
       7
      12
      12
       7
      10
       5
       8
       5
      10
       6
       7
       8
       3
       8
       3
       2
       8
      10
       8
       6
       3
       3
       6
      10
       8
       9
       5
       5
       1
       7
       6
       4
       7
       9
       6
       8
       9
       3
       9
      13
       1
       6
       7
       8
       7
      13
       6
       9
       5
      13
      12
       2
      10
       9
       8
      12
       3
       2
       6
       5
       8
       6
      11
       4
       8
      10
      10
      11
      10
       9
       3
      20
      21
      21
      17
      10
      10
      12
      10
       8
      13
       8
      22
      10
      16
      14
       6
      11
       9
      11
      10
      11
      10
      11
      12
      22
      25
      13
       6
      14
      11
       4
       7
       6
       9
       9
       6
      21
      11
      17
      10
      14
       8
      14
       9
      16
      13
       9
      21
      21
       8
       7
       7
      16
      14
       8
      20
      16
      16
      20
      21
      17
      30
      47
      53
     116
     228
     397
     474
     328
     139
      77
     100
     168
     174
     106
      48
      21
      21
      13
      13
      10
      10
      15
      16
      18
       8
      12
      13
      15
      17
      17
      32
      17
      29
      34
      36
      49
      89
     184
     421
     785
     808
     522
     167
      43
      17
      13
      22
       6
      16
      17
      11
      21
      14
      11
      10
      19
      17
      11
      12
      13
      19
      21
      20
       9
      20
      19
      23
      13
      15
      12
      27
      37
      33
      24
      23
      29
      39
      30
      37
      46
      55
      67
      58
      59
      95
     140
     197
     309
     762
    1854
    3541
    4461
    3175
    1163
     220
      29
       1
       0
       3
       1
       2
       1
       1
       2
       2
       0
       1
       2
       0
       2
       5
       2
       3
       1
       0
       1
       2
       1
       3
       1
       2
       0
       1
       0
       2
       2
       0
       2
       1
       0
       3
       0
       0
       2
       2
       0
       0
       2
       1
       0
       0
       1
       0
       1
       0
       1
       1
       2
       1
       1
       2
       0
       0
       1
       0
       2
       1
       1
       1
       0
       1
       2
       0
       0
       1
       0
       0
       0
       1
       0
       2
       0
       0
       0
       2
       4
       0
       1
       0
       1
       3
       2
       2
       1
       1
       0
       1
       0
       1
       0
       1
       1
       1
       1
       0
       0
       0
       1
       0
       2
       1
       1
       1
       0
       2
       1
       0
       0
       0
       0
       5
       3
       2
      16
       8
      12
       3
       0
       1
       2
       2
       0
       1
       0
       0
       1
       0
       0
       1
       0
       2
       1
       0
       0
       0
       1
       0
       1
       1
       0
       1
       0
       1
       2
       2
       1
       1
       1
       0
       9
       4
       0
       1
       1
       2
       1
       0
       2
       0
       0
       1
       1
       0
       0
       2
       0
       0
       2
       1
       1
       0
       0
       3
       2
       0
       1
       0
       2
       1
       0
       1
       5
       1
       1
       2
       2
       3
       0
       0
       4
       3
       1
       2
       1
       1
       2
       1
       2
       4
       3
       4
       4
       1
       3
       2
       1
       2
       1
       2
       2
       1
       1
       0
       1
       2
       1
       0
       4
       2
       5
       2
       4
       3
       0
       0
       1
       3
       1
       3
       5
       2
       1
       3
       1
       1
       1
       5
       0
       6
       2
       1
       0
       1
       2
       2
       3
       1
       2
       1
       4
       3
       1
       2
       5
       1
       5
       4
       3
       1
       6
       6
       7
       4
       6
       5
       1
       0
       3
       4
       5
       5
       0
       2
       1
      10
       4
       2
       2
       4
       7
       4
       9
       3
      10
       6
       3
       5
       4
       8
       9
      11
       7
      10
       5
       8
       7
      10
      14
       6
       8
      10
      18
      17
      28
      27
      24
      42
      83
     124
     247
     550
     962
    1118
     750
     285
      64
       8
       9
      11
       7
      16
      10
       4
       7
       3
       8
       6
       6
       9
       3
       3
       6
       2
       4
       0
       3
       2
       3
       6
       2
       3
       0
       1
       3
       1
       1
       0
       4
       1
       1
       0
       0
       1
       0
       0
       0
       0
       0
       0
       0
       0
       2
       0
       0
       1
       0
       2
       1
       0
       0
       0
       0
       1
       0
       0
       0
       0
       1
       0
       0
       0
       0
       0
       0
       0
       0
       0
       0
       0
       0
       0
       0
       0
       0
       0
       0
       0
       0
       0
       0
       0
       0
       0
       0
       0
       1
       0
       0
       0
       0
       0
       0
       0
       0
       0
       0
       0
       0
       0
       0
       0
       0
       0
       0
       0
       0
       0
       0
       0
       0
       0
       0
       0
       0
       0
       0
       0
       0
       0
       0
       0
       0
       0
       0
       0
       0
       0
       0
       0
       0
       0
       0
       0
       0
       0
       0
       0
       0
       0
       0
       0
       0
       0
       0
       0
       0
       0
       0
       0
       0
       0
       0
       0
       0
       0
       0
       0
       0
       0
       0
       0
       0
       0
       0
       0
       0
       0
       0
       0
       0
       0
       0
       0
       0
       0
       0
       0
       0
       0
       0
       0
       0
       0
       0
       0
       0
       0
       0
       0
       0
       0
       0
       0
       0
       0
       0
       0
       0
       0
       0
       0
       0
       0
       0
       0
       0
       0
       0
       0
       0
       0
       0
       0
       0
       0
       0
       0
       0
       0
       0
       0
       0
       0
       0
       0
       0
       0
       0
       0
       0
       0
       0
       0
       0
       0
       0
       0
       0
       0
       0
       0
       0
       0
       0
       0
       0
       0
       0
       0
       0
       0
       0
       0
       0
       0
       1
       0
       0
       0
       0
       0
       0
       0
       0
       0
       0
       0
       0
       0
       0
       0
       0
       0
       0
       0
       0
       0
       0
       0
       0
       0
       0
       0
       0
       0
       0
       0
       0
       0
       0
       0
       0
       0
       0
       0
       0
       0
       0
       0
       0
       0
       0
       0
       0
       0
       0
       0
       0
       0
       0
       0
       0
       0
       0
       0
       0
       0
       0
       0
       0
       0
       0
       0
       0
       0
       0
       0
       0
       0
       0
       0
       0
       0
       0
       0
       0
       0
       0
       0
       0
       0
       0
       0
       0
       0
       0
       0
       0
       0
       0
       0
       0
       0
       0
       0
       0
       0
       0
       0
       0
       0
       0
       0
       0
       0
       0
       0
       0
       0
       0
       0
       0
       0
       0
       0
       0
       0
       0
       0
       0
       0
       0
       0
       0
       0
       0
       0
       0
       0
       0
       0
       0
       0
       0
       0
       0
       0
       0
       0
       0
       0
       0
       0
       0
       0
       0
       0
       0
       0
       0
       0
       0
       0
       0
       0
       0
       0
       0
       0
       0
       0
       0
       0
       0
       0
       0
       0
       0
       0
       0
       0
       0
       0
       0
       0
       0
       0
       0
       0
       0
       0
       0
       0
       0
       0
       0
       0
       0
       0
       0
       0
       0
       0
       0
       0
       0
       0
       0
       0
       0
       0
       0
       0
       0
       0
       0
       0
       0
       0
       0
       0
       0
       0
       0
       0
       0
       0
       0
       0
       0
       0
       0
       0
       0
       0
       0
       0
       0
       0
       0
       0
       0
       0
       0
       0
       0
       0
       0
       0
       0
       0
       0
       0
       0
       0
       0
       0
       0
       0
       0
       0
       0
       0
       0
       0
       0
       0
       0
       0
       0
       0
       0
       0
       0
       0
       0
       0
       0
       0
       0
       0
       0
       0
       0
       0
       0
       0
       0
       0
       0
       0
       0
       0
       0
       0
       0
       0
       0
       0
       0
       0
       0
       0
       0
       0
       0
       0
       0
       0
       0
       0
       0
       0
       0
       0
       0
       0
       0
       0
       0
       0
       0
       0
       0
       0
       0
       0
       0
       0
       0
       0
       0
       0
       0
       0
       0
       0
       0
       0
       0
       0
       0
       0
       0
       0
       0
       0
       0
       0
       0
       0
       0
       0
       0
       0
       0
       0
       0
       0
       0
       0
       0
       0
       0
       0
       0
       0
       0
       0
       0
       0
       0
       0
       0
       0
       0
       0
       0
       0
       0
       0
       0
       0
       0
       0
       0
       0
       0
       0
       0
       0
       0
       0
       0
       0
       0
       0
       0
       0
       0
       0
       0
       0
       0
       0
       0
       0
       0
       0
       0
       0
       0
       0
       0
       0
       0
       0
       0
       0
       0
       0
       0
       0
       0
       0
       0
       0
       0
       0
       0
       0
       0
       0
       0
       0
       0
       0
       0
       0
       0
       0
       0
       0
       0
       0
       0
       0
       0
       0
       0
       0
       0
       0
       0
       0
       0
       0
       0
       0
       0
       0
       0
       0
       0
       0
       0
       0
       0
       0
       0
       0
       0
       0
       0
       0
       0
       0
       0
       0
$ROI:
7
803 815
842 854
896 914
931 944
980 993
1296 1317
1587 1590
$PRESETS:
Real Time
14400
0
$ENER_FIT:
-18.576502 6.711768
$MCA_CAL:
3
-1.857650E+001 6.711768E+000 9.444169E-006 KeV
$SHAPE_CAL:
3
-9.428778E-001 9.253461E-003 -3.762110E-006
