$SPEC_ID:
No sample description was entered.
$SPEC_REM:
DET# 1
DETDESC# YESUM2222 MCB 25
AP# Maestro Version 6.06
$DATE_MEA:
06/19/2016 11:52:31
$MEAS_TIM:
3743 3744
$DATA:
0 2047
       0
       0
       0
       0
       0
       0
       0
       0
       0
       0
       0
       0
       0
      28
    3790
    5955
    5230
    4845
    4463
    4149
    3841
    3665
    3495
    3306
    3254
    3541
    3582
    3163
    2710
    2464
    2251
    2184
    2008
    1891
    1731
    1598
    1545
    1446
    1289
    1180
    1056
     986
     967
     913
     781
     726
     675
     637
     555
     478
     501
     422
     403
     353
     321
     285
     273
     246
     193
     190
     205
     164
     141
     115
     139
      93
     103
     102
      86
      80
      84
      68
      54
      72
      57
      47
      42
      43
      44
      28
      39
      34
      14
      26
      25
      22
      18
      21
      22
      16
      14
      13
      14
      14
      11
      14
      15
      12
       8
      14
       5
       6
       7
      10
       5
       2
       2
       5
       8
       5
       6
       8
       3
       5
       4
       4
       3
       2
       3
       7
       6
       4
       5
       5
       3
       4
       2
       4
       5
       1
       2
       3
       4
       2
       0
       6
       3
       3
       2
       0
       3
       3
       2
       2
       6
       4
       3
       5
       4
       3
       6
       2
       5
       3
       5
       3
       1
       3
       3
       2
       3
       2
       3
       5
       5
       1
       8
       5
       3
       4
       2
       4
       1
       3
       3
       3
       1
       5
       4
       1
       3
       3
       3
       4
       1
       4
       5
       3
       5
       7
       6
       6
       2
       3
       4
       2
       1
       8
       1
       3
       2
       3
       2
       9
       5
       2
       2
       6
       2
       5
       9
       8
       5
       6
       2
       1
       4
       3
       4
       1
       4
       6
       2
       5
       1
       2
       7
       3
       3
       5
       8
       5
       7
       3
      10
       4
       6
       5
       3
       6
       3
       3
       3
       3
       3
       3
       5
       5
       2
       3
       3
       3
       4
       5
       6
       4
       3
       1
       1
       2
       2
       3
       3
       3
       2
       5
       5
       5
       6
       3
       5
       3
       3
       3
       5
       1
       6
       7
       4
       3
       3
       2
       4
       4
       9
       2
       5
       4
       3
       2
       2
       2
       7
       5
       1
       5
       4
       6
       8
       8
       2
       2
       6
       5
       2
       4
       6
       5
       3
       5
       3
       5
       4
       1
       3
       3
       5
       3
       5
       6
       2
       4
       6
       1
       3
       3
       3
       6
       4
       4
       4
       2
       3
       3
       2
       8
       7
       3
       1
       4
       1
       2
       2
       6
       3
       5
       2
       3
       2
       2
       3
       3
       3
       3
       5
       6
       5
       3
       6
       1
       4
       4
       4
       3
       4
       3
       3
       3
       0
       4
       4
       6
       0
       1
       2
       6
       3
       5
       3
       3
       3
       6
       5
       5
       5
       3
       4
       1
       3
       5
       2
       3
       3
       2
       7
       2
       3
       3
       4
       2
       3
       8
       9
       4
       5
       6
       5
       5
       3
       3
       7
       7
       7
       3
       6
       4
       3
       6
       7
       4
       2
       4
       6
       5
       2
       8
       7
       3
       2
       3
       4
       6
       0
       7
       4
       2
       2
       1
       3
       5
       0
       4
       2
       2
       2
       5
       3
       0
       3
       6
       4
       6
       1
       4
       1
       0
       3
       0
       6
       3
       8
       8
       7
       5
       1
       3
       5
       2
       6
       3
       5
       8
       9
       5
       1
       2
       4
       3
       5
       5
       5
       5
       4
       2
       3
       8
       4
       3
       7
       2
       2
       4
       4
       6
       4
       1
       1
       2
       1
       7
       5
       4
       6
       3
       5
       4
       6
       6
       5
       3
       4
       2
       5
       3
       6
       3
       6
       3
       3
       5
       3
       1
       4
       6
       6
       5
       3
       7
       5
       2
       8
       3
       5
       5
       6
       3
       3
       4
       3
       3
       2
       3
       4
       2
       5
       5
       0
       1
       7
       6
       5
       7
       3
       4
      10
       2
       5
       4
       9
       2
       1
       1
       7
       3
       6
       1
       2
       5
       2
       3
       5
       2
       5
       5
       5
       4
       3
       3
       2
       5
       3
       3
       3
       7
       3
       6
       5
       6
       7
       4
       7
       1
       5
       9
       7
       9
       5
       4
       2
       2
       5
       7
       5
       3
       5
       7
       7
       4
       6
       5
       4
       6
       1
       4
       3
       2
       2
       4
       5
       2
       7
       4
       2
       8
       4
       5
       5
       8
       2
       2
       4
       3
       7
       6
       4
       2
       4
       5
       8
       2
       9
       5
       3
       4
       1
       7
       2
       4
       2
       5
       5
       2
       2
       5
       4
       7
       5
       8
       4
       3
       4
      10
       5
       3
       4
       4
       5
       6
       3
       4
       9
       5
       9
      10
       8
       5
       2
       5
       7
       3
       5
       7
       3
       8
       4
       1
       3
       9
       2
       6
       8
       6
       6
       5
       5
       1
       3
       3
      10
       5
       4
       8
      12
       3
       5
       2
       7
       7
       3
       2
       9
       3
       9
       9
       6
       8
       8
       5
       9
       6
       4
       7
       4
       7
       6
       3
       8
       5
       4
       6
       5
       9
       2
      12
       8
       5
      10
       2
       6
       3
       5
       2
       8
       5
       9
       9
       4
       4
      11
       6
       7
       5
       7
       7
       7
       2
       5
       4
       6
       7
       5
       7
       3
      11
      10
       9
       3
       8
      12
      12
       7
      10
       5
       8
       6
      12
       6
       7
       9
       4
       9
       3
       2
       9
      11
       9
       7
       4
       3
       6
      10
       9
       9
       7
       6
       1
       8
       7
       4
       7
      10
       6
       8
      11
       3
      10
      14
       1
       6
       7
       8
       8
      15
       7
      10
       5
      15
      13
       3
      11
      11
      10
      15
       3
       3
       6
       6
      11
       7
      13
       7
       8
      11
      13
      12
      12
      10
       6
      24
      22
      22
      17
      12
      10
      15
      10
      10
      14
       9
      23
      11
      17
      14
       6
      12
      11
      12
      11
      13
      10
      13
      14
      23
      30
      15
       7
      15
      15
       6
       8
       6
       9
       9
       9
      21
      13
      18
      12
      16
      11
      15
      10
      18
      15
      10
      22
      22
       8
       7
      11
      20
      14
       9
      23
      17
      21
      23
      24
      19
      32
      53
      65
     128
     258
     441
     548
     369
     159
      85
     119
     197
     197
     115
      53
      23
      22
      15
      14
      13
      10
      15
      17
      20
       8
      12
      13
      18
      19
      19
      33
      17
      32
      36
      37
      52
      94
     202
     468
     851
     876
     563
     180
      45
      17
      13
      23
       6
      18
      17
      13
      21
      14
      14
      11
      19
      17
      12
      14
      14
      20
      23
      24
       9
      22
      19
      23
      16
      16
      13
      28
      39
      36
      25
      25
      31
      42
      35
      39
      48
      60
      73
      61
      68
     105
     150
     213
     331
     838
    2008
    3841
    4798
    3428
    1249
     232
      34
       1
       0
       3
       1
       2
       1
       1
       2
       2
       0
       1
       2
       0
       2
       5
       2
       3
       3
       1
       1
       3
       1
       3
       1
       3
       0
       1
       0
       2
       2
       0
       2
       1
       0
       3
       0
       0
       2
       3
       0
       0
       2
       1
       0
       1
       1
       1
       1
       0
       1
       1
       3
       1
       2
       2
       0
       0
       1
       0
       2
       1
       1
       1
       0
       1
       2
       0
       0
       1
       0
       0
       0
       2
       0
       2
       0
       0
       0
       3
       4
       0
       1
       0
       2
       3
       2
       2
       1
       1
       0
       1
       0
       1
       0
       1
       1
       1
       1
       0
       1
       0
       1
       0
       3
       1
       1
       1
       0
       2
       1
       0
       0
       0
       0
       5
       3
       3
      16
      11
      13
       3
       0
       1
       2
       2
       0
       1
       0
       0
       1
       0
       0
       2
       0
       2
       2
       1
       0
       0
       1
       0
       1
       1
       0
       1
       0
       1
       2
       2
       1
       1
       2
       1
       9
       4
       0
       1
       1
       3
       1
       0
       3
       0
       0
       1
       1
       0
       0
       3
       0
       1
       2
       1
       1
       0
       0
       3
       2
       0
       2
       0
       2
       1
       0
       1
       6
       1
       2
       2
       2
       4
       0
       0
       5
       3
       1
       4
       1
       1
       2
       1
       2
       4
       3
       5
       5
       2
       3
       3
       1
       2
       1
       2
       3
       1
       2
       0
       1
       2
       2
       0
       4
       2
       5
       2
       4
       3
       0
       0
       2
       3
       1
       3
       6
       2
       1
       3
       1
       1
       2
       5
       0
       7
       3
       1
       0
       1
       2
       2
       3
       1
       2
       1
       4
       3
       1
       2
       6
       1
       5
       5
       4
       2
       6
       6
       7
       4
       7
       5
       2
       1
       4
       5
       5
       5
       0
       2
       1
      10
       6
       2
       3
       4
       8
       4
      11
       4
      11
       6
       3
       6
       9
       8
      11
      12
       7
      10
       7
      10
      13
      13
      15
       8
       8
      11
      21
      18
      29
      32
      29
      47
      90
     139
     289
     643
    1125
    1274
     877
     313
      73
      12
      11
      12
       8
      17
      12
       4
       7
       4
       9
       6
       6
       9
       3
       5
       6
       2
       4
       0
       4
       3
       3
       6
       2
       3
       0
       1
       3
       1
       1
       0
       4
       1
       1
       1
       0
       1
       0
       0
       0
       0
       1
       0
       0
       0
       3
       1
       0
       1
       0
       2
       1
       0
       0
       0
       1
       1
       0
       0
       0
       0
       1
       0
       0
       0
       0
       0
       0
       0
       0
       0
       0
       0
       0
       0
       0
       0
       0
       0
       0
       0
       0
       0
       0
       0
       0
       0
       0
       0
       1
       0
       0
       0
       0
       0
       0
       0
       0
       0
       0
       0
       0
       0
       0
       0
       0
       0
       0
       0
       0
       0
       0
       0
       0
       0
       0
       0
       0
       0
       0
       0
       0
       0
       0
       0
       0
       0
       0
       0
       0
       0
       0
       0
       0
       0
       0
       0
       0
       0
       0
       0
       0
       0
       0
       0
       0
       0
       0
       0
       0
       0
       0
       0
       0
       0
       0
       0
       0
       0
       0
       0
       0
       0
       0
       0
       0
       0
       0
       0
       0
       0
       0
       0
       0
       0
       0
       0
       0
       0
       0
       0
       0
       0
       0
       0
       0
       0
       0
       0
       0
       0
       0
       0
       0
       0
       0
       0
       0
       0
       0
       0
       0
       0
       0
       0
       0
       0
       0
       0
       0
       0
       0
       0
       0
       0
       0
       0
       0
       0
       0
       0
       0
       0
       0
       0
       0
       0
       0
       0
       0
       0
       0
       0
       0
       0
       0
       0
       0
       0
       0
       0
       0
       0
       0
       0
       0
       0
       0
       0
       0
       0
       0
       0
       0
       0
       0
       0
       0
       0
       1
       0
       0
       0
       0
       0
       0
       0
       0
       0
       0
       0
       0
       0
       0
       0
       0
       0
       0
       0
       0
       0
       0
       0
       0
       0
       0
       0
       0
       0
       0
       0
       0
       0
       0
       0
       0
       0
       0
       0
       0
       0
       0
       0
       0
       0
       0
       0
       0
       0
       0
       0
       0
       0
       0
       0
       0
       0
       0
       0
       0
       0
       0
       0
       0
       0
       0
       0
       0
       0
       0
       0
       0
       0
       0
       0
       0
       0
       0
       0
       0
       0
       0
       0
       0
       0
       0
       0
       0
       0
       0
       0
       0
       0
       0
       0
       0
       0
       0
       0
       0
       0
       0
       0
       0
       0
       0
       0
       0
       0
       0
       0
       0
       0
       0
       0
       0
       0
       0
       0
       0
       0
       0
       0
       0
       0
       0
       0
       0
       0
       0
       0
       0
       0
       0
       0
       0
       0
       0
       0
       0
       0
       0
       0
       0
       0
       0
       0
       0
       0
       0
       0
       0
       0
       0
       0
       0
       0
       0
       0
       0
       0
       0
       0
       0
       0
       0
       0
       0
       0
       0
       0
       0
       0
       0
       0
       0
       0
       0
       0
       0
       0
       0
       0
       0
       0
       0
       0
       0
       0
       0
       0
       0
       0
       0
       0
       0
       0
       0
       0
       0
       0
       0
       0
       0
       0
       0
       0
       0
       0
       0
       0
       0
       0
       0
       0
       0
       0
       0
       0
       0
       0
       0
       0
       0
       0
       0
       0
       0
       0
       0
       0
       0
       0
       0
       0
       0
       0
       0
       0
       0
       0
       0
       0
       0
       0
       0
       0
       0
       0
       0
       0
       0
       0
       0
       0
       0
       0
       0
       0
       0
       0
       0
       0
       0
       0
       0
       0
       0
       0
       0
       0
       0
       0
       0
       0
       0
       0
       0
       0
       0
       0
       0
       0
       0
       0
       0
       0
       0
       0
       0
       0
       0
       0
       0
       0
       0
       0
       0
       0
       0
       0
       0
       0
       0
       0
       0
       0
       0
       0
       0
       0
       0
       0
       0
       0
       0
       0
       0
       0
       0
       0
       0
       0
       0
       0
       0
       0
       0
       0
       0
       0
       0
       0
       0
       0
       0
       0
       0
       0
       0
       0
       0
       0
       0
       0
       0
       0
       0
       0
       0
       0
       0
       0
       0
       0
       0
       0
       0
       0
       0
       0
       0
       0
       0
       0
       0
       0
       0
       0
       0
       0
       0
       0
       0
       0
       0
       0
       0
       0
       0
       0
       0
       0
       0
       0
       0
       0
       0
       0
       0
       0
       0
       0
       0
       0
       0
       0
       0
       0
       0
       0
       0
       0
       0
       0
       0
       0
       0
       0
       0
       0
       0
       0
       0
       0
       0
       0
       0
       0
       0
       0
       0
       0
       0
       0
       0
       0
       0
       0
       0
       0
       0
       0
       0
       0
       0
       0
       0
       0
       0
       0
       0
       0
       0
       0
       0
       0
       0
       0
       0
       0
       0
       0
       0
       0
       0
       0
       0
       0
       0
       0
       0
       0
       0
       0
       0
       0
       0
       0
       0
       0
       0
       0
$ROI:
7
803 815
842 854
896 914
931 944
980 993
1296 1317
1587 1590
$PRESETS:
Real Time
14400
0
$ENER_FIT:
-18.576502 6.711768
$MCA_CAL:
3
-1.857650E+001 6.711768E+000 9.444169E-006 KeV
$SHAPE_CAL:
3
-9.428778E-001 9.253461E-003 -3.762110E-006
