$SPEC_ID:
No sample description was entered.
$SPEC_REM:
DET# 1
DETDESC# YESUM2222 MCB 25
AP# Maestro Version 6.06
$DATE_MEA:
06/19/2016 11:52:31
$MEAS_TIM:
4185 4187
$DATA:
0 2047
       0
       0
       0
       0
       0
       0
       0
       0
       0
       0
       0
       0
       0
      28
    4057
    6356
    5631
    5172
    4789
    4443
    4095
    3962
    3777
    3546
    3491
    3817
    3856
    3409
    2904
    2643
    2411
    2339
    2147
    2016
    1851
    1713
    1635
    1541
    1389
    1264
    1125
    1059
    1022
     953
     819
     770
     717
     690
     590
     509
     532
     446
     433
     382
     348
     316
     286
     258
     202
     202
     214
     179
     151
     118
     148
      99
     107
     107
      94
      83
      86
      75
      60
      78
      61
      49
      45
      47
      48
      28
      42
      38
      15
      29
      27
      24
      20
      22
      23
      18
      15
      14
      16
      15
      12
      14
      16
      13
       8
      16
       7
       7
       7
      11
       6
       3
       3
       6
       8
       5
       6
       8
       3
       8
       5
       4
       3
       4
       4
       7
       6
       4
       6
       5
       4
       5
       2
       5
       6
       2
       2
       3
       4
       2
       0
       6
       3
       4
       2
       0
       4
       3
       3
       2
       6
       4
       3
       5
       4
       3
       6
       2
       5
       3
       6
       3
       1
       3
       3
       2
       3
       2
       3
       5
       6
       1
       8
       7
       3
       4
       2
       4
       1
       4
       3
       4
       1
       6
       4
       1
       3
       3
       3
       6
       1
       4
       6
       3
       5
       8
       6
       7
       2
       3
       4
       2
       1
       8
       3
       3
       3
       3
       2
       9
       5
       2
       3
       6
       4
       5
       9
       8
       5
       6
       3
       3
       4
       3
       4
       2
       5
       6
       3
       5
       1
       2
       8
       4
       3
       5
       8
       5
       8
       4
      10
       4
       6
       6
       3
       6
       3
       3
       3
       3
       3
       3
       5
       5
       2
       3
       4
       3
       4
       5
       6
       5
       3
       1
       1
       2
       4
       4
       3
       4
       2
       5
       5
       5
       6
       4
       5
       3
       3
       3
       5
       2
       6
       7
       4
       3
       3
       2
       4
       4
       9
       2
       6
       5
       4
       2
       2
       2
       9
       6
       1
       5
       4
       6
       9
       8
       3
       3
       7
       5
       2
       4
       6
       5
       6
       5
       4
       5
       4
       1
       3
       3
       5
       3
       5
       7
       2
       4
       6
       1
       3
       3
       4
       6
       4
       5
       6
       3
       3
       4
       2
       8
       7
       3
       2
       4
       1
       2
       2
       6
       3
       5
       2
       3
       2
       2
       3
       3
       3
       4
       5
       7
       5
       3
       7
       2
       4
       4
       4
       3
       4
       3
       3
       3
       0
       4
       5
       6
       0
       1
       2
       6
       3
       6
       4
       3
       3
       7
       5
       5
       5
       3
       4
       1
       3
       5
       2
       4
       3
       3
       7
       2
       4
       3
       5
       2
       4
       9
       9
       4
       5
       6
       5
       5
       5
       3
       7
       7
       7
       4
       6
       5
       3
       6
       7
       4
       2
       4
       7
       5
       2
       8
       7
       4
       2
       4
       4
       6
       0
       8
       4
       3
       2
       1
       3
       5
       0
       5
       2
       2
       2
       5
       3
       1
       3
       7
       4
       6
       1
       4
       1
       1
       3
       0
       6
       3
       8
       9
       7
       5
       1
       3
       5
       2
       6
       3
       5
       9
       9
       6
       2
       2
       4
       3
       5
       5
       5
       5
       5
       3
       3
       8
       4
       3
       7
       2
       2
       5
       4
       8
       4
       1
       1
       2
       1
       7
       6
       4
       6
       3
       6
       4
       6
       8
       6
       3
       5
       2
       5
       3
       6
       3
       6
       3
       4
       5
       3
       2
       6
       6
       6
       6
       5
       7
       5
       2
       9
       3
       6
       5
       6
       3
       3
       5
       3
       3
       3
       3
       4
       2
       5
       5
       0
       1
       7
       6
       6
       7
       3
       4
      10
       2
       6
       4
       9
       2
       2
       1
       8
       5
       6
       1
       2
       5
       2
       3
       5
       2
       5
       6
       5
       5
       3
       3
       2
       6
       3
       3
       3
       8
       3
       7
       5
       6
       7
       5
       7
       1
       5
       9
       7
       9
       5
       4
       3
       2
       5
       7
       5
       3
       5
       7
       7
       4
       6
       5
       4
       6
       2
       4
       3
       2
       2
       4
       5
       3
       8
       6
       2
       8
       5
       5
       5
       8
       3
       2
       4
       3
       7
       7
       6
       2
       4
       6
       8
       3
       9
       5
       3
       4
       1
       7
       3
       5
       2
       5
       5
       2
       2
       5
       5
       7
       5
       8
       4
       3
       4
      10
       5
       3
       5
       4
       5
       6
       3
       5
      10
       5
      10
      10
       8
       6
       2
       5
       7
       4
       5
       8
       3
       9
       4
       1
       3
       9
       4
       6
       8
       6
       6
       5
       5
       1
       5
       4
      10
       5
       4
       8
      12
       3
       5
       2
       7
       7
       3
       4
       9
       4
      11
      10
       7
       9
       9
       5
      11
       6
       4
       7
       4
       7
       6
       3
       9
       6
       5
       7
       5
       9
       2
      12
       8
       6
      11
       2
       8
       3
       6
       2
       8
       8
       9
       9
       4
       4
      11
       7
       7
       5
       7
       7
       7
       2
       5
       4
       7
       9
       6
       7
       4
      13
      11
      10
       4
       9
      13
      13
       7
      11
       7
       8
       6
      13
       7
       7
       9
       4
       9
       4
       2
       9
      12
      10
       7
       5
       3
       8
      11
       9
      10
       7
       7
       2
       8
       8
       6
       8
      11
       6
       9
      12
       3
      10
      14
       1
       7
       8
       9
      10
      15
       8
      11
       5
      16
      13
       3
      11
      12
      12
      15
       4
       3
       6
       6
      11
       7
      13
       8
       9
      12
      13
      14
      13
      11
       7
      27
      26
      23
      18
      13
      11
      15
      12
      10
      15
       9
      23
      12
      17
      15
       7
      12
      11
      13
      11
      14
      13
      13
      15
      26
      32
      18
       8
      17
      17
       7
      10
       7
      10
       9
      11
      22
      15
      19
      14
      16
      11
      15
      11
      19
      15
      12
      22
      22
       9
       7
      11
      22
      16
       9
      25
      17
      24
      24
      29
      20
      33
      56
      80
     143
     294
     497
     598
     408
     179
      94
     129
     218
     218
     129
      57
      26
      23
      16
      14
      13
      14
      15
      19
      20
       9
      14
      14
      19
      20
      20
      37
      18
      32
      41
      39
      54
     101
     213
     494
     896
     931
     601
     191
      47
      19
      15
      24
       7
      19
      18
      13
      22
      14
      15
      13
      19
      19
      14
      17
      16
      20
      23
      24
      12
      22
      20
      24
      17
      16
      15
      29
      40
      40
      29
      27
      34
      43
      38
      43
      51
      64
      77
      65
      73
     106
     156
     232
     348
     884
    2125
    4058
    5058
    3626
    1322
     243
      34
       1
       0
       3
       2
       2
       1
       1
       2
       2
       0
       2
       2
       0
       2
       5
       3
       3
       3
       1
       1
       3
       1
       3
       1
       4
       0
       1
       0
       2
       3
       0
       2
       1
       0
       3
       1
       0
       2
       3
       0
       0
       3
       1
       0
       1
       1
       1
       1
       0
       2
       1
       3
       1
       2
       2
       0
       0
       1
       0
       2
       2
       1
       1
       1
       1
       3
       0
       0
       1
       0
       0
       0
       2
       0
       2
       0
       1
       0
       3
       4
       0
       1
       0
       2
       3
       2
       3
       1
       1
       0
       1
       2
       1
       0
       1
       1
       1
       1
       1
       1
       0
       2
       0
       3
       1
       2
       1
       0
       2
       1
       0
       0
       0
       0
       5
       3
       3
      16
      11
      14
       4
       0
       1
       3
       3
       0
       1
       0
       0
       1
       0
       0
       2
       1
       2
       2
       1
       1
       0
       1
       0
       2
       1
       0
       1
       0
       1
       2
       2
       1
       1
       2
       4
      10
       4
       0
       1
       1
       3
       1
       1
       3
       0
       0
       1
       1
       0
       0
       3
       0
       1
       3
       1
       1
       0
       0
       3
       2
       0
       2
       1
       2
       1
       0
       1
       6
       1
       2
       2
       2
       4
       0
       0
       5
       4
       1
       4
       2
       1
       2
       1
       2
       4
       4
       6
       5
       2
       3
       3
       1
       3
       1
       2
       3
       1
       2
       0
       1
       2
       2
       0
       4
       2
       5
       3
       4
       3
       0
       0
       2
       3
       1
       3
       6
       3
       1
       4
       2
       1
       2
       5
       0
       7
       3
       2
       0
       1
       2
       3
       3
       1
       3
       3
       4
       5
       1
       2
       6
       3
       5
       5
       4
       2
       6
       6
       7
       4
       7
       5
       2
       1
       4
       5
       6
       5
       0
       2
       2
      10
       8
       3
       3
       4
       8
       4
      11
       5
      12
       6
       4
       7
       9
       9
      11
      14
       9
      10
       7
      12
      17
      14
      16
      10
      10
      15
      23
      25
      32
      38
      32
      54
     102
     152
     330
     710
    1258
    1423
     975
     346
      86
      12
      14
      14
       8
      18
      13
       5
      11
       6
       9
       6
       7
      10
       3
       5
       6
       2
       5
       1
       5
       3
       3
       6
       2
       3
       0
       1
       3
       1
       2
       0
       4
       1
       2
       1
       0
       1
       1
       0
       0
       0
       1
       0
       0
       0
       3
       1
       0
       1
       0
       2
       1
       0
       0
       0
       1
       1
       0
       0
       0
       0
       1
       0
       0
       0
       0
       0
       0
       0
       0
       0
       0
       0
       0
       0
       0
       0
       0
       0
       0
       0
       0
       0
       0
       0
       0
       0
       0
       0
       1
       0
       0
       0
       0
       0
       0
       0
       0
       0
       0
       0
       0
       0
       0
       0
       0
       0
       0
       0
       0
       0
       0
       0
       0
       0
       0
       0
       0
       0
       0
       0
       0
       0
       0
       0
       0
       0
       0
       0
       0
       0
       0
       0
       0
       0
       0
       0
       0
       0
       0
       0
       0
       0
       0
       0
       0
       0
       0
       0
       0
       0
       0
       0
       0
       0
       0
       0
       0
       0
       0
       0
       0
       0
       0
       0
       0
       0
       0
       0
       0
       0
       0
       0
       0
       0
       0
       0
       0
       0
       0
       0
       0
       0
       0
       0
       0
       0
       0
       0
       0
       0
       0
       0
       0
       0
       0
       0
       0
       0
       0
       0
       0
       0
       0
       0
       0
       0
       0
       0
       0
       0
       0
       0
       0
       0
       0
       0
       0
       0
       0
       0
       0
       0
       0
       0
       0
       0
       0
       0
       0
       0
       0
       0
       0
       0
       0
       0
       0
       0
       0
       0
       0
       0
       0
       0
       0
       0
       0
       0
       0
       0
       0
       0
       0
       0
       0
       0
       0
       0
       1
       0
       0
       0
       0
       0
       0
       0
       0
       0
       0
       0
       0
       0
       0
       0
       0
       0
       0
       0
       0
       0
       0
       0
       0
       0
       0
       0
       0
       0
       0
       0
       0
       0
       0
       0
       0
       0
       0
       0
       0
       0
       0
       0
       0
       0
       0
       0
       0
       0
       0
       0
       0
       0
       0
       0
       0
       0
       0
       0
       0
       0
       0
       0
       0
       0
       0
       0
       0
       0
       0
       0
       0
       0
       0
       0
       0
       0
       0
       0
       0
       0
       0
       0
       0
       0
       0
       0
       0
       0
       0
       0
       0
       0
       0
       0
       0
       0
       0
       0
       0
       0
       0
       0
       0
       0
       0
       0
       0
       0
       0
       0
       0
       0
       0
       0
       0
       0
       0
       0
       0
       0
       0
       0
       0
       0
       0
       0
       0
       0
       0
       0
       0
       0
       0
       0
       0
       0
       0
       0
       0
       0
       0
       0
       0
       0
       0
       0
       0
       0
       0
       0
       0
       0
       0
       0
       0
       0
       0
       0
       0
       0
       0
       0
       0
       0
       0
       0
       0
       0
       0
       0
       0
       0
       0
       0
       0
       0
       0
       0
       0
       0
       0
       0
       0
       0
       0
       0
       0
       0
       0
       0
       0
       0
       0
       0
       0
       0
       0
       0
       0
       0
       0
       0
       0
       0
       0
       0
       0
       0
       0
       0
       0
       0
       0
       0
       0
       0
       0
       0
       0
       0
       0
       0
       0
       0
       0
       0
       0
       0
       0
       0
       0
       0
       0
       0
       0
       0
       0
       0
       0
       0
       0
       0
       0
       0
       0
       0
       0
       0
       0
       0
       0
       0
       0
       0
       0
       0
       0
       0
       0
       0
       0
       0
       0
       0
       0
       0
       0
       0
       0
       0
       0
       0
       0
       0
       0
       0
       0
       0
       0
       0
       0
       0
       0
       0
       0
       0
       0
       0
       0
       0
       0
       0
       0
       0
       0
       0
       0
       0
       0
       0
       0
       0
       0
       0
       0
       0
       0
       0
       0
       0
       0
       0
       0
       0
       0
       0
       0
       0
       0
       0
       0
       0
       0
       0
       0
       0
       0
       0
       0
       0
       0
       0
       0
       0
       0
       0
       0
       0
       0
       0
       0
       0
       0
       0
       0
       0
       0
       0
       0
       0
       0
       0
       0
       0
       0
       0
       0
       0
       0
       0
       0
       0
       0
       0
       0
       0
       0
       0
       0
       0
       0
       0
       0
       0
       0
       0
       0
       0
       0
       0
       0
       0
       0
       0
       0
       0
       0
       0
       0
       0
       0
       0
       0
       0
       0
       0
       0
       0
       0
       0
       0
       0
       0
       0
       0
       0
       0
       0
       0
       0
       0
       0
       0
       0
       0
       0
       0
       0
       0
       0
       0
       0
       0
       0
       0
       0
       0
       0
       0
       0
       0
       0
       0
       0
       0
       0
       0
       0
       0
       0
       0
       0
       0
       0
       0
       0
       0
       0
       0
       0
       0
       0
       0
       0
       0
       0
       0
       0
       0
       0
       0
       0
       0
       0
       0
       0
       0
       0
       0
       0
       0
       0
$ROI:
7
803 815
842 854
896 914
931 944
980 993
1296 1317
1587 1590
$PRESETS:
Real Time
14400
0
$ENER_FIT:
-18.576502 6.711768
$MCA_CAL:
3
-1.857650E+001 6.711768E+000 9.444169E-006 KeV
$SHAPE_CAL:
3
-9.428778E-001 9.253461E-003 -3.762110E-006
