$SPEC_ID:
No sample description was entered.
$SPEC_REM:
DET# 1
DETDESC# YESUM2222 MCB 25
AP# Maestro Version 6.06
$DATE_MEA:
06/19/2016 11:52:31
$MEAS_TIM:
4409 4411
$DATA:
0 2047
       0
       0
       0
       0
       0
       0
       0
       0
       0
       0
       0
       0
       0
      28
    4159
    6561
    5819
    5321
    4952
    4570
    4238
    4082
    3898
    3665
    3603
    3949
    3994
    3526
    3002
    2737
    2478
    2416
    2218
    2080
    1912
    1771
    1681
    1583
    1446
    1286
    1150
    1088
    1054
     980
     843
     800
     737
     713
     608
     527
     551
     455
     451
     389
     359
     325
     294
     265
     207
     205
     219
     184
     151
     122
     152
     102
     111
     109
      95
      86
      87
      79
      62
      81
      64
      52
      46
      49
      48
      28
      43
      40
      16
      29
      27
      25
      20
      23
      23
      18
      16
      15
      17
      15
      12
      14
      17
      13
       8
      16
       8
       7
       8
      11
       6
       3
       3
       6
       9
       5
       7
      10
       3
       9
       5
       4
       3
       4
       5
       7
       6
       4
       6
       5
       4
       5
       2
       5
       6
       2
       2
       3
       4
       2
       0
       6
       3
       4
       3
       0
       4
       3
       3
       2
       6
       4
       3
       5
       4
       3
       6
       2
       5
       3
       6
       3
       1
       3
       3
       2
       3
       2
       3
       6
       6
       1
       8
       8
       3
       4
       2
       4
       1
       4
       3
       4
       1
       6
       4
       1
       3
       3
       3
       6
       1
       4
       6
       3
       5
       8
       6
       7
       2
       3
       4
       2
       1
       8
       3
       3
       3
       3
       2
      10
       5
       2
       3
       6
       4
       5
       9
       8
       6
       6
       4
       3
       5
       4
       4
       2
       5
       6
       3
       5
       1
       2
      10
       4
       3
       5
       8
       5
       8
       4
      10
       4
       6
       6
       3
       6
       4
       3
       3
       3
       3
       3
       5
       5
       2
       3
       4
       3
       4
       5
       6
       5
       3
       1
       1
       2
       4
       4
       3
       4
       2
       5
       5
       5
       6
       4
       6
       3
       4
       3
       5
       3
       6
       7
       4
       4
       3
       2
       4
       4
       9
       2
       6
       5
       4
       2
       3
       2
       9
       6
       1
       5
       4
       6
       9
       8
       3
       3
       7
       5
       2
       4
       6
       5
       6
       5
       4
       5
       4
       1
       4
       4
       5
       3
       5
       7
       2
       4
       6
       1
       3
       5
       4
       6
       4
       5
       6
       3
       3
       4
       2
       8
       7
       3
       2
       4
       2
       2
       2
       6
       3
       6
       2
       3
       2
       2
       3
       3
       3
       4
       5
       7
       5
       3
       7
       2
       4
       5
       4
       3
       4
       3
       3
       3
       0
       4
       5
       6
       0
       1
       2
       6
       3
       6
       4
       3
       3
       7
       5
       5
       5
       4
       4
       1
       3
       5
       3
       4
       4
       4
       8
       2
       4
       3
       6
       2
       4
      10
       9
       4
       5
       6
       5
       6
       5
       4
       7
       7
       7
       4
       6
       5
       3
       6
       7
       5
       2
       4
       7
       5
       2
       8
       7
       4
       2
       4
       4
       6
       0
       9
       4
       3
       2
       2
       3
       5
       0
       5
       2
       2
       2
       5
       3
       1
       3
       7
       4
       6
       1
       4
       1
       1
       4
       0
       6
       3
       8
       9
       7
       5
       1
       3
       5
       2
       6
       3
       5
       9
       9
       6
       2
       2
       4
       3
       6
       5
       5
       5
       5
       3
       3
       8
       4
       3
       7
       3
       2
       5
       4
       8
       4
       2
       1
       2
       1
       7
       6
       4
       7
       3
       6
       4
       6
       8
       6
       3
       5
       2
       5
       3
       6
       4
       6
       3
       6
       5
       3
       2
       6
       6
       8
       6
       6
       7
       5
       2
       9
       3
       6
       5
       6
       3
       3
       5
       3
       3
       3
       4
       4
       2
       5
       5
       0
       1
       7
       6
       6
       7
       3
       4
      10
       3
       7
       4
       9
       2
       2
       1
       8
       5
       6
       1
       3
       5
       2
       3
       5
       2
       5
       6
       5
       5
       3
       3
       2
       6
       4
       3
       3
       8
       3
       7
       5
       6
       8
       5
       7
       1
       5
       9
       7
       9
       5
       4
       3
       2
       6
       7
       5
       3
       5
       7
       7
       4
       6
       5
       5
       7
       2
       4
       3
       2
       2
       4
       5
       3
       8
       6
       2
       8
       5
       5
       5
       8
       3
       3
       4
       3
       7
       7
       7
       2
       4
       6
       9
       3
       9
       5
       3
       4
       1
       7
       3
       5
       2
       6
       5
       2
       3
       5
       5
       7
       5
       9
       4
       3
       4
      10
       5
       3
       5
       5
       5
       6
       3
       5
      10
       6
      10
      10
       8
       6
       2
       5
       7
       5
       5
       8
       3
       9
       4
       1
       3
       9
       4
       6
       8
       6
       6
       5
       5
       1
       5
       4
      10
       5
       4
       8
      12
       3
       5
       2
       8
       7
       3
       4
       9
       4
      12
      10
       7
       9
      10
       5
      12
       6
       4
       8
       5
       7
       6
       3
      10
       6
       5
       7
       6
       9
       2
      12
       8
       6
      11
       2
       8
       3
       6
       2
       8
       8
       9
       9
       4
       4
      11
       7
       7
       6
       7
       8
       7
       2
       5
       4
       8
       9
       6
       7
       5
      14
      11
      10
       5
      10
      15
      14
       7
      11
       7
       8
       6
      13
       7
       7
       9
       4
       9
       4
       2
       9
      12
      11
      10
       5
       3
       8
      11
       9
      10
       7
       8
       2
       8
       8
       7
       8
      11
       6
       9
      12
       4
      10
      15
       1
       8
       8
       9
      10
      15
       8
      11
       6
      16
      13
       4
      11
      12
      13
      15
       5
       4
       7
       6
      11
       7
      13
       8
       9
      13
      13
      14
      13
      13
       7
      29
      28
      24
      20
      15
      11
      17
      12
      11
      15
      10
      24
      13
      18
      15
       7
      12
      11
      13
      11
      14
      15
      13
      16
      26
      34
      18
       8
      17
      18
       9
      11
       8
      10
      10
      11
      22
      15
      19
      14
      17
      13
      15
      13
      21
      16
      14
      22
      22
      10
       9
      11
      22
      16
      10
      25
      18
      24
      27
      31
      20
      34
      60
      84
     148
     305
     523
     622
     427
     186
      99
     139
     230
     228
     137
      62
      27
      24
      16
      14
      14
      16
      16
      19
      20
       9
      14
      14
      19
      20
      22
      37
      19
      33
      41
      40
      55
     103
     218
     510
     920
     949
     615
     197
      48
      19
      15
      25
       7
      20
      19
      13
      22
      15
      15
      14
      19
      20
      15
      19
      18
      21
      23
      25
      14
      22
      20
      24
      18
      17
      16
      30
      43
      40
      30
      27
      34
      43
      40
      45
      51
      66
      79
      69
      76
     108
     158
     237
     353
     899
    2180
    4170
    5180
    3712
    1351
     251
      36
       1
       1
       3
       2
       2
       1
       1
       2
       2
       1
       2
       3
       1
       2
       5
       3
       3
       3
       1
       2
       3
       1
       3
       2
       4
       0
       1
       0
       2
       3
       0
       2
       1
       0
       3
       1
       0
       2
       3
       0
       0
       3
       1
       0
       1
       1
       1
       1
       0
       2
       1
       3
       1
       2
       2
       0
       0
       1
       0
       2
       2
       1
       1
       1
       2
       3
       0
       0
       1
       0
       0
       0
       2
       0
       2
       0
       1
       0
       3
       4
       0
       1
       0
       2
       3
       2
       3
       1
       1
       0
       1
       2
       1
       0
       1
       1
       1
       1
       1
       2
       0
       2
       0
       3
       1
       2
       1
       0
       2
       1
       0
       0
       0
       0
       5
       3
       3
      17
      11
      14
       4
       0
       1
       3
       3
       0
       1
       0
       0
       1
       0
       0
       2
       1
       2
       3
       1
       1
       0
       1
       0
       2
       1
       0
       1
       0
       1
       2
       2
       1
       1
       2
       5
      11
       4
       0
       1
       1
       3
       1
       1
       3
       0
       0
       1
       2
       0
       0
       4
       0
       1
       3
       1
       1
       0
       0
       3
       2
       1
       2
       1
       2
       1
       0
       1
       6
       1
       2
       3
       2
       4
       0
       0
       6
       4
       1
       5
       2
       1
       2
       1
       2
       4
       5
       6
       5
       2
       3
       3
       1
       4
       1
       2
       3
       1
       2
       0
       1
       2
       2
       0
       4
       2
       6
       3
       4
       3
       0
       1
       2
       3
       1
       3
       6
       3
       1
       4
       2
       2
       2
       5
       0
       7
       3
       2
       0
       1
       2
       3
       3
       1
       3
       3
       5
       5
       1
       2
       6
       3
       5
       5
       4
       3
       8
       7
       7
       4
       7
       5
       2
       1
       4
       5
       7
       7
       0
       3
       2
      10
       8
       3
       3
       4
       8
       6
      11
       6
      12
       7
       5
       8
       9
       9
      11
      14
      10
      11
       7
      13
      17
      15
      16
      10
      10
      15
      24
      25
      32
      43
      34
      57
     109
     160
     344
     748
    1313
    1483
    1017
     366
      91
      12
      15
      14
       8
      18
      13
       5
      11
       6
       9
       6
       7
      10
       4
       5
       6
       2
       5
       1
       5
       3
       3
       7
       2
       3
       0
       2
       3
       1
       2
       0
       4
       1
       2
       1
       0
       1
       1
       0
       0
       0
       1
       0
       0
       0
       3
       1
       0
       1
       1
       2
       1
       0
       0
       0
       1
       1
       0
       0
       0
       0
       1
       0
       0
       0
       0
       0
       0
       0
       0
       0
       0
       0
       0
       0
       0
       0
       0
       0
       0
       0
       0
       0
       0
       0
       0
       0
       0
       0
       1
       0
       0
       0
       0
       0
       0
       0
       0
       0
       0
       0
       0
       0
       0
       0
       0
       0
       0
       0
       0
       0
       0
       0
       0
       0
       0
       0
       0
       0
       0
       0
       0
       0
       0
       0
       0
       0
       0
       0
       0
       0
       0
       0
       0
       0
       0
       0
       0
       0
       0
       0
       0
       0
       0
       0
       0
       0
       0
       0
       0
       0
       0
       0
       0
       0
       0
       0
       0
       0
       0
       0
       0
       0
       0
       0
       0
       0
       0
       0
       0
       0
       0
       0
       0
       0
       0
       0
       0
       0
       0
       0
       0
       0
       0
       0
       0
       0
       0
       0
       0
       0
       0
       0
       0
       0
       0
       0
       0
       0
       0
       0
       0
       0
       0
       0
       0
       0
       0
       0
       0
       0
       0
       0
       0
       0
       0
       0
       0
       0
       0
       0
       0
       0
       0
       0
       0
       0
       0
       0
       0
       0
       0
       0
       0
       0
       0
       0
       0
       0
       0
       0
       0
       0
       0
       0
       0
       0
       0
       0
       0
       0
       0
       0
       0
       0
       0
       0
       0
       0
       1
       0
       0
       0
       0
       0
       0
       0
       0
       0
       0
       0
       0
       0
       0
       0
       0
       0
       0
       0
       0
       0
       0
       0
       0
       0
       0
       0
       0
       0
       0
       0
       0
       0
       0
       0
       0
       0
       0
       0
       0
       0
       0
       0
       0
       0
       0
       0
       0
       0
       0
       0
       0
       0
       0
       0
       0
       0
       0
       0
       0
       0
       0
       0
       0
       0
       0
       0
       0
       0
       0
       0
       0
       0
       0
       0
       0
       0
       0
       0
       0
       0
       0
       0
       0
       0
       0
       0
       0
       0
       0
       0
       0
       0
       0
       0
       0
       0
       0
       0
       0
       0
       0
       0
       0
       0
       0
       0
       0
       0
       0
       0
       0
       0
       0
       0
       0
       0
       0
       0
       0
       0
       0
       0
       0
       0
       0
       0
       0
       0
       0
       0
       0
       0
       0
       0
       0
       0
       0
       0
       0
       0
       0
       0
       0
       0
       0
       0
       0
       0
       0
       0
       0
       0
       0
       0
       0
       0
       0
       0
       0
       0
       0
       0
       0
       0
       0
       0
       0
       0
       0
       0
       0
       0
       0
       0
       0
       0
       0
       0
       0
       0
       0
       0
       0
       0
       0
       0
       0
       0
       0
       0
       0
       0
       0
       0
       0
       0
       0
       0
       0
       0
       0
       0
       0
       0
       0
       0
       0
       0
       0
       0
       0
       0
       0
       0
       0
       0
       0
       0
       0
       0
       0
       0
       0
       0
       0
       0
       0
       0
       0
       0
       0
       0
       0
       0
       0
       0
       0
       0
       0
       0
       0
       0
       0
       0
       0
       0
       0
       0
       0
       0
       0
       0
       0
       0
       0
       0
       0
       0
       0
       0
       0
       0
       0
       0
       0
       0
       0
       0
       0
       0
       0
       0
       0
       0
       0
       0
       0
       0
       0
       0
       0
       0
       0
       0
       0
       0
       0
       0
       0
       0
       0
       0
       0
       0
       0
       0
       0
       0
       0
       0
       0
       0
       0
       0
       0
       0
       0
       0
       0
       0
       0
       0
       0
       0
       0
       0
       0
       0
       0
       0
       0
       0
       0
       0
       0
       0
       0
       0
       0
       0
       0
       0
       0
       0
       0
       0
       0
       0
       0
       0
       0
       0
       0
       0
       0
       0
       0
       0
       0
       0
       0
       0
       0
       0
       0
       0
       0
       0
       0
       0
       0
       0
       0
       0
       0
       0
       0
       0
       0
       0
       0
       0
       0
       0
       0
       0
       0
       0
       0
       0
       0
       0
       0
       0
       0
       0
       0
       0
       0
       0
       0
       0
       0
       0
       0
       0
       0
       0
       0
       0
       0
       0
       0
       0
       0
       0
       0
       0
       0
       0
       0
       0
       0
       0
       0
       0
       0
       0
       0
       0
       0
       0
       0
       0
       0
       0
       0
       0
       0
       0
       0
       0
       0
       0
       0
       0
       0
       0
       0
       0
       0
       0
       0
       0
       0
       0
       0
       0
       0
       0
       0
       0
       0
       0
       0
       0
       0
       0
       0
       0
       0
       0
       0
       0
       0
       0
       0
       0
       0
       0
       0
       0
$ROI:
7
803 815
842 854
896 914
931 944
980 993
1296 1317
1587 1590
$PRESETS:
Real Time
14400
0
$ENER_FIT:
-18.576502 6.711768
$MCA_CAL:
3
-1.857650E+001 6.711768E+000 9.444169E-006 KeV
$SHAPE_CAL:
3
-9.428778E-001 9.253461E-003 -3.762110E-006
