$SPEC_ID:
No sample description was entered.
$SPEC_REM:
DET# 1
DETDESC# YESUM2222 MCB 25
AP# Maestro Version 6.06
$DATE_MEA:
06/19/2016 11:52:31
$MEAS_TIM:
4995 4997
$DATA:
0 2047
       0
       0
       0
       0
       0
       0
       0
       0
       0
       0
       0
       0
       0
      33
    4430
    7046
    6247
    5741
    5377
    4923
    4561
    4359
    4176
    3955
    3915
    4264
    4338
    3764
    3259
    2935
    2673
    2569
    2376
    2244
    2044
    1901
    1824
    1710
    1550
    1393
    1236
    1157
    1124
    1040
     904
     851
     776
     768
     648
     555
     590
     481
     473
     423
     382
     359
     315
     284
     226
     218
     236
     200
     157
     133
     159
     115
     124
     113
     104
      88
      96
      87
      68
      84
      70
      55
      47
      53
      51
      30
      46
      44
      17
      31
      30
      26
      20
      23
      25
      20
      18
      15
      17
      18
      14
      15
      17
      13
       9
      17
       8
       7
       8
      11
       7
       3
       5
       6
      10
       7
       7
      11
       4
       9
       6
       4
       3
       4
       5
       8
       6
       4
       6
       5
       5
       6
       2
       5
       6
       3
       2
       3
       4
       2
       0
       7
       3
       4
       3
       0
       4
       3
       4
       4
       6
       5
       3
       5
       4
       3
       6
       2
       5
       4
       6
       3
       1
       4
       3
       2
       3
       2
       3
       7
       7
       1
       8
       9
       3
       4
       2
       6
       1
       4
       3
       4
       1
       7
       4
       1
       3
       3
       3
       6
       1
       4
       6
       3
       6
       8
       6
       7
       2
       5
       4
       2
       2
       8
       3
       3
       3
       4
       2
      11
       5
       3
       3
       6
       4
       5
       9
       8
       6
       9
       5
       3
       5
       4
       4
       2
       5
       6
       5
       6
       1
       2
      10
       4
       3
       5
       9
       6
       8
       4
      10
       4
       6
       7
       3
       6
       4
       3
       3
       3
       4
       3
       5
       6
       2
       3
       4
       4
       4
       5
       6
       6
       4
       1
       2
       2
       5
       4
       3
       4
       3
       5
       5
       6
       6
       4
       6
       4
       4
       5
       5
       3
       6
       7
       4
       5
       3
       2
       4
       4
      10
       2
       6
       5
       4
       2
       3
       2
       9
       6
       1
       5
       4
       6
       9
       8
       3
       3
       7
       6
       2
       4
       6
       5
       6
       6
       4
       6
       4
       2
       4
       5
       5
       3
       8
       7
       2
       4
       7
       2
       3
       5
       5
       7
       4
       6
       7
       3
       3
       5
       2
       8
       8
       3
       2
       4
       2
       2
       3
       6
       4
       6
       3
       3
       3
       2
       3
       3
       3
       4
       6
       8
       5
       3
       7
       2
       5
       5
       4
       4
       4
       4
       3
       3
       0
       4
       7
       6
       0
       1
       2
       6
       3
       7
       4
       5
       4
       8
       5
       7
       5
       4
       4
       1
       4
       6
       3
       4
       4
       4
       8
       3
       5
       3
       7
       4
       5
      10
       9
       4
       5
       7
       5
       7
       6
       4
       7
       8
       7
       4
       6
       6
       4
       7
       7
       5
       3
       4
       8
       5
       3
       8
       7
       4
       2
       5
       5
       6
       0
       9
       4
       4
       2
       2
       4
       5
       0
       5
       2
       4
       3
       5
       3
       2
       3
       7
       4
       7
       1
       4
       1
       2
       4
       0
       6
       3
       8
       9
       8
       5
       1
       3
       5
       2
       7
       3
       5
       9
       9
       6
       2
       2
       4
       3
       6
       5
       5
       6
       6
       3
       3
       8
       4
       3
       8
       4
       2
       5
       4
       9
       4
       2
       2
       3
       2
       7
       6
       5
       7
       3
       7
       4
       6
       8
       6
       4
       5
       2
       5
       4
       7
       6
       6
       4
       8
       5
       4
       2
       7
       6
       9
       7
       6
       9
       5
       2
       9
       3
       6
       5
       6
       3
       4
       5
       3
       4
       3
       5
       4
       3
       5
       5
       1
       2
       7
       6
       7
       7
       3
       4
      11
       3
       7
       5
       9
       2
       3
       3
       8
       5
       6
       3
       4
       6
       2
       3
       5
       2
       5
       6
       5
       5
       4
       3
       3
       7
       4
       3
       3
       9
       3
       8
       5
       6
       8
       5
       8
       1
       5
       9
       7
      10
       5
       6
       3
       2
       7
       8
       5
       3
       5
       8
       8
       6
       6
       7
       5
       8
       4
       4
       3
       6
       2
       5
       7
       3
      10
       7
       2
       8
       6
       5
       5
       8
       4
       3
       4
       4
       8
       8
       7
       2
       4
       6
       9
       5
       9
       6
       3
       4
       1
       7
       5
       5
       2
       6
       5
       2
       3
       6
       6
       8
       5
       9
       6
       4
       5
      10
       6
       3
       5
       5
       5
       7
       5
       5
      11
       6
      10
      10
       9
       6
       2
       7
       8
       7
       5
      10
       3
       9
       4
       1
       3
       9
       5
       7
       8
       7
       6
       7
       6
       2
       6
       4
      11
       5
       4
       9
      15
       3
       5
       2
       8
       7
       3
       5
      11
       4
      12
      10
       7
       9
      11
       6
      12
       6
       4
       8
       5
       7
       6
       3
      10
       6
       5
       8
       7
      10
       4
      12
       8
       6
      11
       3
       8
       3
       7
       2
      10
       9
      10
       9
       6
       5
      12
       8
       9
       6
       7
       8
       7
       2
       6
       4
       8
       9
       7
       7
       5
      15
      11
      10
       7
      10
      15
      14
       7
      11
       8
       9
       7
      13
       7
       7
      10
       5
      10
       8
       3
       9
      12
      13
      12
       6
       3
      11
      12
       9
      11
       7
       8
       2
       9
       8
       9
       9
      11
       6
       9
      12
       4
      11
      17
       4
       9
      10
      11
      10
      18
       8
      12
       7
      16
      13
       5
      11
      13
      14
      15
       7
       7
       8
       9
      12
       8
      14
       8
       9
      14
      14
      15
      13
      15
       7
      33
      28
      27
      20
      15
      11
      19
      13
      14
      16
      12
      27
      16
      20
      16
      10
      12
      12
      16
      11
      15
      15
      13
      18
      28
      37
      19
      13
      18
      20
      11
      14
       8
      11
      13
      16
      24
      16
      20
      16
      18
      15
      16
      14
      22
      20
      14
      23
      23
      11
      10
      12
      23
      17
      11
      26
      19
      25
      31
      33
      22
      40
      67
      88
     169
     337
     584
     694
     489
     210
     115
     159
     266
     255
     155
      68
      28
      24
      17
      14
      16
      17
      16
      20
      20
      10
      15
      14
      19
      20
      23
      37
      20
      34
      45
      42
      62
     111
     228
     537
     979
    1007
     645
     209
      51
      20
      15
      26
       9
      20
      19
      14
      22
      15
      15
      15
      20
      20
      17
      20
      18
      22
      24
      30
      16
      22
      22
      26
      19
      19
      18
      31
      46
      42
      31
      28
      35
      44
      40
      47
      53
      73
      80
      73
      78
     112
     165
     251
     382
     954
    2314
    4405
    5467
    3909
    1418
     263
      37
       1
       1
       3
       2
       2
       1
       1
       2
       2
       1
       2
       4
       1
       2
       5
       3
       4
       3
       1
       3
       3
       1
       3
       2
       4
       0
       1
       1
       2
       3
       0
       2
       1
       0
       3
       1
       0
       2
       3
       0
       0
       4
       2
       1
       1
       1
       1
       1
       0
       2
       1
       3
       2
       2
       2
       0
       1
       1
       0
       2
       2
       1
       1
       1
       3
       3
       0
       0
       2
       0
       1
       0
       2
       0
       2
       0
       1
       1
       3
       5
       1
       1
       0
       2
       3
       2
       3
       2
       1
       0
       2
       2
       3
       0
       2
       2
       3
       1
       1
       2
       0
       2
       0
       3
       1
       3
       1
       0
       2
       1
       0
       0
       1
       0
       5
       3
       4
      19
      13
      15
       4
       0
       1
       3
       3
       0
       1
       1
       0
       1
       0
       0
       3
       1
       2
       3
       1
       1
       0
       1
       0
       2
       2
       1
       1
       0
       1
       2
       2
       2
       1
       4
       6
      11
       4
       0
       1
       1
       4
       1
       1
       3
       0
       1
       1
       2
       0
       1
       5
       0
       1
       3
       1
       1
       0
       0
       3
       2
       1
       2
       2
       2
       1
       0
       1
       6
       1
       2
       3
       2
       4
       0
       0
       7
       4
       1
       5
       3
       1
       3
       1
       2
       4
       5
       7
       5
       2
       3
       4
       1
       4
       1
       2
       3
       2
       2
       0
       1
       2
       2
       0
       4
       5
       6
       3
       4
       3
       0
       1
       3
       3
       1
       3
       6
       3
       1
       4
       3
       2
       2
       6
       1
       9
       3
       2
       0
       1
       2
       4
       3
       1
       3
       4
       6
       5
       1
       3
       6
       4
       5
       5
       4
       3
      11
       7
       7
       4
       7
       7
       2
       1
       4
       6
       7
       7
       1
       5
       2
      12
       9
       3
       4
       4
       8
       6
      11
       6
      12
       8
       7
      11
      11
      10
      13
      14
      12
      13
       8
      16
      17
      17
      17
      14
      10
      20
      25
      28
      36
      48
      40
      61
     120
     181
     389
     844
    1456
    1696
    1138
     406
     101
      17
      17
      16
       8
      19
      13
       5
      12
       6
      10
       6
       7
      10
       5
       5
       8
       3
       5
       1
       6
       3
       3
       7
       2
       4
       0
       2
       3
       2
       2
       0
       5
       2
       2
       1
       0
       1
       1
       0
       0
       0
       1
       0
       0
       0
       3
       1
       0
       1
       1
       2
       1
       0
       0
       0
       1
       1
       0
       0
       0
       0
       1
       0
       0
       0
       1
       0
       0
       0
       0
       0
       0
       0
       0
       0
       0
       0
       0
       0
       0
       0
       0
       0
       0
       0
       0
       0
       0
       0
       1
       0
       0
       0
       0
       0
       0
       0
       0
       0
       0
       0
       0
       0
       0
       0
       0
       0
       0
       0
       0
       0
       0
       0
       0
       0
       0
       0
       0
       0
       0
       0
       0
       0
       0
       0
       0
       0
       0
       0
       0
       0
       0
       0
       0
       0
       0
       0
       0
       0
       0
       0
       0
       0
       0
       0
       0
       0
       0
       0
       0
       0
       0
       0
       0
       0
       0
       0
       0
       0
       0
       0
       0
       0
       0
       0
       0
       0
       0
       0
       0
       0
       0
       0
       0
       0
       0
       0
       0
       0
       0
       0
       0
       0
       0
       0
       0
       0
       0
       0
       0
       0
       0
       0
       0
       0
       0
       0
       0
       0
       0
       0
       0
       0
       0
       0
       0
       0
       0
       0
       0
       0
       0
       0
       0
       0
       0
       0
       0
       0
       0
       0
       0
       0
       0
       0
       0
       0
       0
       0
       0
       0
       0
       0
       0
       0
       0
       0
       0
       0
       0
       0
       0
       0
       0
       0
       0
       0
       0
       0
       0
       0
       0
       0
       0
       0
       0
       0
       1
       0
       1
       0
       0
       0
       0
       0
       0
       0
       0
       0
       0
       0
       0
       0
       0
       0
       0
       0
       0
       0
       0
       0
       0
       0
       0
       0
       0
       0
       0
       0
       0
       0
       0
       0
       0
       0
       0
       0
       0
       0
       0
       0
       0
       0
       0
       0
       0
       0
       0
       0
       0
       0
       0
       0
       0
       0
       0
       0
       0
       0
       0
       0
       0
       0
       0
       0
       0
       0
       0
       0
       0
       0
       0
       0
       0
       0
       0
       0
       0
       0
       0
       0
       0
       0
       0
       0
       0
       0
       0
       0
       0
       0
       0
       0
       0
       0
       0
       0
       0
       0
       0
       0
       0
       0
       0
       0
       0
       0
       0
       0
       0
       0
       0
       0
       0
       0
       0
       0
       0
       0
       0
       0
       0
       0
       0
       0
       0
       0
       0
       0
       0
       0
       0
       0
       0
       0
       0
       0
       0
       0
       0
       0
       0
       0
       0
       0
       0
       0
       0
       0
       0
       0
       0
       0
       0
       0
       0
       0
       0
       0
       0
       0
       0
       0
       0
       0
       0
       0
       0
       0
       0
       0
       0
       0
       0
       0
       0
       0
       0
       0
       0
       0
       0
       0
       0
       0
       0
       0
       0
       0
       0
       0
       0
       0
       0
       0
       0
       0
       0
       0
       0
       0
       0
       0
       0
       0
       0
       0
       0
       0
       0
       0
       0
       0
       0
       0
       0
       0
       0
       0
       0
       0
       0
       0
       0
       0
       0
       0
       0
       0
       0
       0
       0
       0
       0
       0
       0
       0
       0
       0
       0
       0
       0
       0
       0
       0
       0
       0
       0
       0
       0
       0
       0
       0
       0
       0
       0
       0
       0
       0
       0
       0
       0
       0
       0
       0
       0
       0
       0
       0
       0
       0
       0
       0
       0
       0
       0
       0
       0
       0
       0
       0
       0
       0
       0
       0
       0
       0
       0
       0
       0
       0
       0
       0
       0
       0
       0
       0
       0
       0
       0
       0
       0
       0
       0
       0
       0
       0
       0
       0
       0
       0
       0
       0
       0
       0
       0
       0
       0
       0
       0
       0
       0
       0
       0
       0
       0
       0
       0
       0
       0
       0
       0
       0
       0
       0
       0
       0
       0
       0
       0
       0
       0
       0
       0
       0
       0
       0
       0
       0
       0
       0
       0
       0
       0
       0
       0
       0
       0
       0
       0
       0
       0
       0
       0
       0
       0
       0
       0
       0
       0
       0
       0
       0
       0
       0
       0
       0
       0
       0
       0
       0
       0
       0
       0
       0
       0
       0
       0
       0
       0
       0
       0
       0
       0
       0
       0
       0
       0
       0
       0
       0
       0
       0
       0
       0
       0
       0
       0
       0
       0
       0
       0
       0
       0
       0
       0
       0
       0
       0
       0
       0
       0
       0
       0
       0
       0
       0
       0
       0
       0
       0
       0
       0
       0
       0
       0
       0
       0
       0
       0
       0
       0
       0
       0
       0
       0
       0
       0
       0
       0
       0
       0
       0
       0
       0
       0
       0
       0
       0
       0
       0
       0
       0
       0
       0
       0
       0
       0
       0
       0
       0
       0
       0
$ROI:
7
803 815
842 854
896 914
931 944
980 993
1296 1317
1587 1590
$PRESETS:
Real Time
14400
0
$ENER_FIT:
-18.576502 6.711768
$MCA_CAL:
3
-1.857650E+001 6.711768E+000 9.444169E-006 KeV
$SHAPE_CAL:
3
-9.428778E-001 9.253461E-003 -3.762110E-006
