$SPEC_ID:
No sample description was entered.
$SPEC_REM:
DET# 1
DETDESC# YESUM2222 MCB 25
AP# Maestro Version 6.06
$DATE_MEA:
06/19/2016 11:52:31
$MEAS_TIM:
5610 5612
$DATA:
0 2047
       0
       0
       0
       0
       0
       0
       0
       0
       0
       0
       0
       0
       0
      34
    4720
    7494
    6655
    6093
    5726
    5267
    4860
    4671
    4468
    4213
    4199
    4573
    4654
    4048
    3482
    3098
    2836
    2744
    2552
    2391
    2187
    2020
    1941
    1802
    1648
    1471
    1312
    1217
    1187
    1112
     960
     899
     816
     812
     684
     588
     619
     502
     490
     447
     408
     385
     330
     295
     242
     232
     245
     212
     169
     145
     170
     121
     129
     116
     108
      94
     100
      94
      74
      87
      76
      57
      53
      58
      53
      35
      48
      44
      18
      35
      31
      27
      21
      26
      25
      20
      20
      15
      18
      18
      17
      15
      17
      14
       9
      18
       8
       8
       8
      11
       9
       4
       6
       8
      12
       8
       7
      11
       4
       9
       6
       4
       4
       4
       5
       8
       8
       6
       7
       5
       6
       6
       2
       5
       6
       3
       2
       3
       4
       2
       0
       7
       4
       6
       3
       0
       4
       3
       4
       6
       6
       5
       4
       5
       4
       3
       6
       2
       5
       5
       8
       3
       2
       4
       4
       2
       3
       2
       4
       7
       7
       1
       8
       9
       3
       4
       2
       6
       1
       5
       3
       4
       1
       8
       5
       4
       4
       4
       3
       6
       1
       4
       9
       3
       7
       9
       6
       7
       2
       5
       5
       2
       2
       8
       3
       4
       3
       4
       2
      11
       5
       3
       3
       6
       4
       6
       9
       8
       7
       9
       6
       4
       6
       4
       4
       4
       6
       6
       5
       6
       1
       2
      10
       4
       3
       5
       9
       6
       8
       5
      10
       4
       6
       8
       4
       6
       5
       3
       4
       3
       4
       3
       6
       6
       2
       3
       4
       5
       4
       6
       6
       6
       5
       2
       2
       2
       5
       5
       3
       4
       4
       6
       5
       6
       6
       4
       6
       4
       4
       5
       5
       4
       6
       7
       4
       6
       3
       2
       4
       5
      10
       2
       6
       5
       4
       2
       3
       2
       9
       6
       1
       6
       4
       6
      10
       9
       3
       3
       7
       6
       2
       4
       8
       5
       6
       9
       6
       7
       5
       2
       5
       6
       5
       3
       9
       8
       2
       4
       7
       2
       4
       5
       5
       9
       5
       7
       8
       4
       3
       5
       2
       8
       9
       3
       2
       4
       2
       3
       4
       6
       4
       6
       3
       4
       3
       2
       4
       4
       3
       4
       7
       8
       6
       3
       7
       2
       5
       6
       4
       4
       5
       4
       3
       3
       0
       4
       7
       6
       0
       2
       2
       6
       4
       8
       4
       5
       4
       8
       6
       7
       5
       5
       4
       5
       6
       7
       3
       4
       7
       4
       8
       3
       5
       3
       8
       5
       5
      10
       9
       4
       5
       7
       5
       7
       6
       4
       8
       8
       7
       5
       7
       7
       4
       7
       7
       5
       3
       6
       8
       5
       3
       9
       7
       4
       2
       7
       5
       6
       0
       9
       4
       4
       2
       4
       4
       5
       0
       5
       2
       4
       3
       7
       3
       2
       4
       7
       4
       7
       1
       5
       2
       2
       4
       0
       6
       4
      10
       9
       8
       5
       1
       3
       6
       2
       7
       3
       5
       9
       9
       6
       2
       2
       4
       4
       6
       6
       6
       7
       6
       4
       4
       8
       4
       3
       8
       4
       3
       5
       5
       9
       6
       3
       2
       3
       3
       8
       7
       5
       7
       3
       7
       4
       6
       9
       8
       4
       5
       3
       6
       4
       7
       8
       7
       5
       9
       6
       4
       2
       7
       6
      10
       7
       6
       9
       5
       2
       9
       3
       6
       5
       6
       4
       4
       5
       3
       5
       3
       6
       4
       4
       5
       5
       1
       3
       8
       6
       7
       7
       3
       4
      11
       3
       7
       5
      10
       2
       3
       5
       9
       6
       8
       3
       5
       6
       2
       3
       5
       3
       6
       6
       9
       5
       5
       3
       4
       7
       4
       4
       4
       9
       3
       8
       5
       6
       8
       5
      11
       1
       5
      10
       7
      10
       5
       6
       3
       2
       7
       8
       6
       4
       5
       8
       8
       6
       6
       7
       6
       8
       4
       4
       3
       6
       2
       5
       7
       3
      10
       7
       2
      10
       6
       5
       5
       9
       5
       3
       4
       4
       8
       8
       8
       2
       4
       6
       9
       5
      10
       6
       4
       4
       4
       7
       7
       7
       2
       6
       5
       2
       3
       9
       8
       8
       6
      11
       6
       4
       5
      11
       6
       3
       5
       5
       5
       7
       8
       5
      12
       6
      10
      10
      10
       6
       2
       7
       8
       8
       5
      10
       3
       9
       5
       1
       3
       9
       5
       9
       8
       8
       6
       7
       6
       2
       7
       5
      11
       6
       4
       9
      17
       3
       6
       3
       8
       7
       3
       5
      11
       4
      13
      12
       8
       9
      11
       7
      12
       6
       4
       8
       6
       8
       7
       7
      10
       6
       5
      10
       7
      10
       4
      12
       8
       6
      12
       3
       8
       4
       7
       2
      10
      11
      10
       9
       6
       5
      12
       8
       9
       6
       7
       9
       7
       2
       7
       4
       9
      11
      10
       7
       6
      15
      11
      13
       8
      10
      18
      14
       8
      12
       8
      11
       8
      13
       7
       8
      11
       5
      11
      10
       3
       9
      12
      13
      12
       7
       4
      11
      13
       9
      11
       8
      10
       2
      10
       8
       9
       9
      12
       7
       9
      12
       5
      14
      18
       4
      10
      10
      13
      10
      19
       8
      13
       8
      16
      13
       6
      11
      13
      15
      18
       7
       8
       9
      11
      12
       8
      15
       9
       9
      15
      14
      15
      13
      17
       9
      34
      32
      27
      21
      15
      14
      20
      14
      17
      17
      13
      29
      18
      22
      17
      11
      12
      12
      16
      12
      16
      17
      16
      19
      33
      40
      22
      15
      19
      20
      11
      15
       9
      11
      15
      16
      25
      17
      23
      16
      20
      16
      16
      14
      22
      20
      16
      24
      24
      14
      12
      13
      24
      22
      15
      29
      20
      27
      35
      34
      26
      42
      77
     100
     194
     380
     642
     760
     546
     237
     128
     173
     307
     289
     171
      72
      31
      25
      17
      15
      17
      20
      17
      20
      22
      10
      15
      16
      23
      23
      25
      38
      22
      36
      49
      45
      64
     116
     238
     562
    1035
    1059
     666
     216
      56
      21
      16
      28
       9
      21
      19
      14
      24
      16
      16
      18
      20
      20
      17
      22
      20
      23
      25
      31
      16
      23
      22
      28
      20
      21
      21
      32
      47
      44
      32
      28
      36
      49
      42
      48
      59
      77
      84
      73
      82
     116
     175
     264
     403
     996
    2422
    4609
    5729
    4062
    1483
     273
      38
       1
       3
       3
       2
       2
       2
       1
       3
       2
       1
       2
       4
       1
       2
       7
       3
       5
       3
       1
       3
       3
       1
       3
       3
       4
       0
       1
       2
       2
       3
       0
       2
       1
       0
       3
       1
       1
       3
       3
       0
       0
       4
       2
       1
       1
       1
       1
       1
       2
       2
       2
       3
       2
       2
       2
       1
       1
       1
       1
       2
       2
       1
       2
       1
       3
       3
       0
       1
       2
       0
       1
       1
       2
       0
       2
       0
       1
       1
       3
       6
       2
       1
       0
       2
       3
       2
       3
       2
       1
       0
       3
       2
       3
       0
       2
       2
       3
       2
       1
       2
       0
       2
       0
       3
       1
       3
       1
       1
       3
       2
       1
       1
       1
       0
       5
       4
       4
      21
      14
      17
       5
       0
       1
       3
       4
       0
       1
       1
       0
       1
       0
       0
       3
       1
       2
       3
       1
       1
       0
       2
       0
       2
       2
       1
       2
       0
       1
       3
       2
       2
       1
       4
       6
      11
       4
       0
       1
       2
       4
       1
       1
       3
       0
       1
       1
       2
       1
       1
       5
       0
       1
       3
       2
       1
       0
       0
       3
       2
       1
       2
       3
       2
       1
       0
       2
       6
       2
       2
       3
       3
       4
       0
       0
       7
       4
       1
       5
       4
       2
       3
       1
       2
       4
       5
       7
       5
       2
       3
       4
       1
       4
       1
       2
       4
       2
       3
       2
       2
       3
       2
       0
       4
       6
       7
       4
       4
       3
       1
       1
       3
       3
       1
       5
       6
       3
       2
       4
       3
       2
       2
       7
       1
       9
       3
       3
       0
       3
       2
       4
       3
       2
       3
       4
       6
       5
       1
       3
       8
       4
       5
       6
       4
       3
      11
       7
       8
       5
       7
       7
       2
       2
       6
       6
       8
       7
       1
       5
       2
      13
      11
       4
       4
       6
      11
       6
      11
       6
      15
       8
       8
      12
      13
      11
      13
      14
      14
      15
       8
      18
      20
      19
      17
      17
      13
      22
      26
      31
      42
      52
      51
      70
     132
     209
     429
     940
    1618
    1888
    1271
     450
     112
      23
      20
      16
      10
      20
      16
       5
      14
       7
      12
       7
       7
      10
       5
       6
       9
       3
       6
       2
       7
       5
       4
       7
       3
       4
       0
       2
       4
       2
       2
       0
       5
       2
       2
       1
       0
       2
       1
       0
       0
       0
       1
       0
       0
       0
       3
       1
       0
       1
       1
       2
       1
       0
       0
       0
       1
       1
       0
       0
       0
       0
       1
       0
       0
       0
       1
       0
       0
       0
       0
       0
       0
       0
       0
       0
       0
       0
       0
       0
       0
       0
       0
       0
       0
       0
       0
       0
       0
       0
       1
       0
       0
       0
       0
       0
       0
       0
       0
       0
       0
       0
       0
       0
       0
       0
       0
       0
       0
       0
       0
       0
       0
       0
       0
       0
       0
       0
       0
       0
       0
       0
       0
       0
       0
       0
       0
       0
       0
       0
       0
       0
       0
       0
       0
       0
       0
       0
       0
       0
       0
       0
       0
       0
       0
       0
       0
       0
       0
       0
       0
       0
       0
       0
       0
       0
       0
       0
       0
       0
       0
       0
       0
       0
       0
       0
       0
       0
       0
       0
       0
       0
       0
       0
       0
       0
       0
       0
       0
       0
       0
       0
       0
       0
       0
       0
       0
       0
       0
       0
       0
       0
       0
       0
       0
       0
       0
       0
       0
       0
       0
       0
       0
       0
       0
       0
       0
       0
       0
       0
       0
       0
       0
       0
       0
       0
       0
       0
       0
       0
       0
       0
       0
       0
       0
       0
       0
       0
       0
       0
       0
       0
       0
       0
       0
       0
       0
       0
       0
       0
       0
       0
       0
       0
       0
       0
       0
       0
       0
       0
       0
       0
       0
       0
       0
       0
       0
       0
       1
       0
       1
       0
       0
       0
       0
       0
       0
       0
       0
       0
       0
       0
       0
       0
       0
       0
       0
       0
       0
       0
       0
       0
       0
       0
       0
       0
       0
       0
       0
       0
       0
       0
       0
       0
       0
       0
       0
       0
       0
       0
       0
       0
       0
       0
       0
       0
       0
       0
       0
       0
       0
       0
       0
       0
       0
       0
       0
       0
       0
       0
       0
       0
       0
       0
       0
       0
       0
       0
       0
       0
       0
       0
       0
       0
       0
       0
       0
       0
       0
       0
       0
       0
       0
       0
       0
       0
       0
       0
       0
       0
       0
       0
       0
       0
       0
       0
       0
       0
       0
       0
       0
       0
       0
       0
       0
       0
       0
       0
       0
       0
       0
       0
       0
       0
       0
       0
       0
       0
       0
       0
       0
       0
       0
       0
       0
       0
       0
       0
       0
       0
       0
       0
       0
       0
       0
       0
       0
       0
       0
       0
       0
       0
       0
       0
       0
       0
       0
       0
       0
       0
       0
       0
       0
       0
       0
       0
       0
       0
       0
       0
       0
       0
       0
       0
       0
       0
       0
       0
       0
       0
       0
       0
       0
       0
       0
       0
       0
       0
       0
       0
       0
       0
       0
       0
       0
       0
       0
       0
       0
       0
       0
       0
       0
       0
       0
       0
       0
       0
       0
       0
       0
       0
       0
       0
       0
       0
       0
       0
       0
       0
       0
       0
       0
       0
       0
       0
       0
       0
       0
       0
       0
       0
       0
       0
       0
       0
       0
       0
       0
       0
       0
       0
       0
       0
       0
       0
       0
       0
       0
       0
       0
       0
       0
       0
       0
       0
       0
       0
       0
       0
       0
       0
       0
       0
       0
       0
       0
       0
       0
       0
       0
       0
       0
       0
       0
       0
       0
       0
       0
       0
       0
       0
       0
       0
       0
       0
       0
       0
       0
       0
       0
       0
       0
       0
       0
       0
       0
       0
       0
       0
       0
       0
       0
       0
       0
       0
       0
       0
       0
       0
       0
       0
       0
       0
       0
       0
       0
       0
       0
       0
       0
       0
       0
       0
       0
       0
       0
       0
       0
       0
       0
       0
       0
       0
       0
       0
       0
       0
       0
       0
       0
       0
       0
       0
       0
       0
       0
       0
       0
       0
       0
       0
       0
       0
       0
       0
       0
       0
       0
       0
       0
       0
       0
       0
       0
       0
       0
       0
       0
       0
       0
       0
       0
       0
       0
       0
       0
       0
       0
       0
       0
       0
       0
       0
       0
       0
       0
       0
       0
       0
       0
       0
       0
       0
       0
       0
       0
       0
       0
       0
       0
       0
       0
       0
       0
       0
       0
       0
       0
       0
       0
       0
       0
       0
       0
       0
       0
       0
       0
       0
       0
       0
       0
       0
       0
       0
       0
       0
       0
       0
       0
       0
       0
       0
       0
       0
       0
       0
       0
       0
       0
       0
       0
       0
       0
       0
       0
       0
       0
       0
       0
       0
       0
       0
       0
       0
       0
       0
       0
       0
       0
       0
       0
       0
       0
       0
       0
       0
       0
       0
       0
       0
       0
       0
       0
       0
       0
       0
       0
       0
       0
       0
       0
       0
$ROI:
7
803 815
842 854
896 914
931 944
980 993
1296 1317
1587 1590
$PRESETS:
Real Time
14400
0
$ENER_FIT:
-18.576502 6.711768
$MCA_CAL:
3
-1.857650E+001 6.711768E+000 9.444169E-006 KeV
$SHAPE_CAL:
3
-9.428778E-001 9.253461E-003 -3.762110E-006
