$SPEC_ID:
No sample description was entered.
$SPEC_REM:
DET# 1
DETDESC# YESUM2222 MCB 25
AP# Maestro Version 6.06
$DATE_MEA:
06/19/2016 11:52:31
$MEAS_TIM:
365 365
$DATA:
0 2047
       0
       0
       0
       0
       0
       0
       0
       0
       0
       0
       0
       0
       0
       8
     539
     872
     727
     616
     593
     566
     549
     529
     495
     490
     456
     501
     472
     446
     390
     361
     344
     287
     299
     230
     277
     211
     217
     205
     175
     187
     160
     142
     139
     146
     112
     103
     104
      92
      79
      86
      75
      56
      38
      53
      43
      39
      41
      38
      23
      21
      17
      26
      17
      16
      13
      16
      17
      16
      13
       9
      13
      10
       7
      11
      12
       8
       8
       2
       6
       5
       3
       6
       1
       2
       4
       1
       3
       5
       5
       3
       1
       2
       4
       2
       1
       1
       1
       2
       2
       0
       0
       1
       1
       3
       0
       0
       0
       1
       1
       1
       1
       1
       1
       1
       1
       0
       1
       1
       0
       1
       1
       0
       0
       0
       0
       1
       0
       0
       2
       0
       0
       1
       0
       0
       0
       1
       0
       1
       1
       0
       0
       1
       2
       0
       2
       1
       0
       1
       2
       1
       0
       0
       0
       0
       0
       0
       0
       0
       0
       0
       0
       0
       1
       1
       0
       0
       4
       1
       0
       1
       0
       1
       1
       1
       3
       0
       1
       0
       1
       0
       1
       0
       0
       0
       0
       1
       0
       0
       0
       1
       2
       2
       0
       1
       1
       1
       0
       1
       0
       0
       0
       1
       0
       1
       0
       1
       1
       1
       0
       1
       2
       2
       1
       3
       0
       0
       0
       1
       1
       0
       0
       0
       0
       1
       0
       1
       2
       0
       1
       0
       0
       3
       3
       2
       1
       2
       3
       2
       0
       2
       0
       0
       0
       1
       0
       0
       0
       0
       0
       1
       0
       1
       1
       1
       2
       0
       0
       0
       0
       0
       1
       0
       1
       1
       1
       1
       1
       0
       0
       0
       1
       0
       1
       1
       0
       0
       3
       0
       0
       0
       0
       0
       0
       1
       2
       1
       0
       0
       1
       1
       0
       1
       0
       0
       0
       0
       1
       1
       0
       1
       0
       0
       1
       0
       0
       0
       0
       1
       0
       1
       0
       1
       2
       0
       1
       1
       2
       1
       1
       2
       0
       0
       1
       0
       1
       1
       1
       3
       1
       0
       1
       1
       1
       1
       0
       2
       0
       0
       0
       0
       0
       1
       1
       1
       0
       2
       0
       1
       0
       1
       1
       0
       0
       0
       1
       2
       2
       1
       2
       1
       1
       0
       2
       1
       0
       0
       0
       0
       0
       0
       1
       0
       0
       0
       0
       1
       0
       0
       1
       1
       2
       1
       0
       0
       0
       1
       1
       0
       0
       0
       0
       1
       1
       0
       1
       0
       0
       0
       0
       0
       0
       1
       1
       1
       1
       0
       0
       1
       1
       1
       0
       0
       1
       0
       1
       0
       0
       1
       1
       0
       0
       0
       1
       1
       0
       1
       0
       1
       0
       1
       0
       0
       0
       0
       1
       1
       0
       1
       0
       2
       0
       2
       0
       0
       1
       0
       1
       0
       0
       1
       2
       0
       0
       0
       1
       0
       0
       0
       1
       0
       0
       0
       0
       0
       0
       1
       0
       1
       1
       0
       0
       0
       2
       0
       0
       0
       1
       0
       1
       0
       1
       1
       1
       0
       0
       1
       2
       0
       1
       0
       0
       0
       0
       1
       1
       0
       0
       0
       0
       1
       2
       0
       2
       1
       2
       1
       1
       1
       1
       0
       0
       1
       0
       0
       0
       0
       0
       0
       1
       0
       0
       0
       0
       0
       1
       0
       0
       1
       0
       0
       0
       0
       3
       0
       0
       0
       1
       0
       1
       2
       0
       1
       0
       0
       0
       0
       0
       0
       2
       2
       0
       2
       1
       1
       0
       0
       1
       0
       2
       0
       0
       0
       1
       0
       1
       0
       0
       0
       0
       0
       0
       0
       1
       1
       1
       2
       0
       1
       1
       1
       0
       1
       0
       3
       1
       0
       0
       2
       2
       1
       1
       0
       1
       2
       2
       1
       0
       1
       0
       0
       0
       1
       1
       1
       0
       1
       1
       0
       0
       0
       2
       0
       0
       0
       0
       0
       1
       0
       0
       0
       1
       1
       2
       1
       2
       2
       1
       2
       1
       0
       0
       1
       1
       1
       0
       0
       0
       0
       1
       1
       1
       1
       1
       0
       0
       2
       0
       1
       0
       0
       2
       0
       0
       0
       1
       1
       0
       0
       0
       0
       0
       1
       1
       0
       1
       1
       0
       3
       1
       1
       0
       1
       1
       2
       2
       1
       0
       0
       2
       0
       1
       1
       0
       1
       1
       0
       0
       2
       0
       1
       0
       1
       2
       1
       0
       1
       1
       1
       1
       0
       0
       1
       2
       0
       1
       1
       0
       0
       0
       1
       0
       0
       4
       1
       2
       1
       2
       0
       2
       2
       0
       2
       0
       0
       2
       0
       2
       3
       0
       0
       2
       2
       0
       1
       1
       1
       3
       1
       1
       1
       2
       0
       2
       0
       1
       2
       1
       0
       0
       1
       1
       0
       0
       2
       1
       1
       0
       0
       1
       1
       1
       1
       1
       0
       3
       1
       0
       1
       2
       0
       1
       1
       1
       2
       1
       2
       2
       1
       1
       0
       4
       0
       0
       3
       2
       0
       1
       0
       0
       1
       0
       2
       0
       1
       0
       0
       1
       2
       0
       1
       0
       0
       2
       1
       2
       2
       2
       0
       2
       0
       1
       0
       0
       0
       1
       1
       2
       2
       0
       2
       1
       0
       2
       0
       0
       0
       1
       1
       1
       2
       1
       0
       2
       0
       1
       1
       3
       1
       5
       3
       5
       3
       1
       3
       2
       1
       0
       2
       2
       1
       2
       3
       4
       1
       1
       3
       2
       1
       1
       0
       1
       0
       4
       0
       4
       1
       1
       2
       1
       2
       0
       1
       0
       1
       3
       0
       4
       0
       2
       2
       1
       3
       2
       1
       1
       3
       2
       1
       1
       2
       0
       1
       0
       3
       3
       2
       3
       1
       3
       7
       5
       8
      15
      26
      40
      62
      49
      18
       8
      11
      19
      16
      15
       6
       2
       5
       4
       4
       2
       2
       0
       1
       3
       2
       1
       1
       5
       4
       2
       6
       1
       6
       3
       3
      12
      17
      30
      60
     134
     145
      82
      33
       8
       3
       0
       7
       1
       2
       2
       1
       6
       3
       2
       3
       4
       4
       3
       2
       3
       1
       2
       5
       1
       3
       4
       1
       2
       2
       2
       6
       9
       5
       3
       2
       6
       4
       4
       5
       9
       5
      11
      16
      12
      16
      21
      37
      46
     138
     286
     595
     757
     563
     226
      46
       4
       0
       0
       0
       0
       0
       0
       0
       0
       0
       0
       0
       1
       0
       0
       0
       0
       0
       0
       0
       0
       1
       0
       0
       0
       1
       0
       0
       0
       0
       0
       0
       1
       0
       0
       1
       0
       0
       0
       0
       0
       0
       0
       0
       0
       0
       0
       0
       0
       0
       0
       0
       1
       0
       0
       0
       0
       0
       0
       0
       0
       1
       0
       0
       0
       0
       0
       0
       0
       0
       0
       0
       0
       0
       0
       0
       0
       0
       0
       0
       0
       0
       0
       0
       0
       0
       0
       0
       0
       0
       0
       0
       0
       0
       0
       0
       0
       0
       0
       0
       0
       0
       0
       0
       0
       0
       0
       0
       0
       0
       0
       0
       0
       0
       0
       1
       0
       0
       2
       0
       1
       0
       0
       0
       1
       2
       0
       0
       0
       0
       0
       0
       0
       0
       0
       0
       0
       0
       0
       0
       0
       0
       0
       0
       0
       0
       0
       0
       0
       1
       0
       0
       0
       0
       0
       0
       0
       0
       0
       0
       0
       0
       1
       0
       0
       0
       0
       0
       0
       0
       0
       0
       0
       0
       0
       0
       0
       0
       1
       0
       0
       0
       1
       0
       0
       0
       0
       0
       0
       0
       0
       1
       0
       0
       0
       1
       0
       0
       0
       0
       0
       0
       0
       1
       0
       1
       0
       0
       1
       1
       0
       0
       0
       0
       0
       0
       0
       0
       0
       1
       0
       0
       0
       0
       1
       0
       0
       1
       0
       0
       0
       1
       0
       1
       1
       0
       0
       0
       0
       0
       0
       1
       0
       0
       1
       0
       0
       0
       0
       0
       1
       0
       0
       0
       0
       1
       0
       0
       1
       0
       2
       0
       0
       0
       0
       2
       1
       0
       1
       0
       1
       0
       1
       0
       1
       0
       0
       0
       0
       2
       1
       0
       0
       1
       3
       0
       3
       0
       0
       1
       2
       0
       1
       0
       0
       0
       1
       1
       2
       1
       0
       2
       1
       1
       0
       1
       2
       4
       2
       1
       3
       7
      14
       7
      30
      56
     109
     132
      91
      29
      10
       0
       0
       0
       0
       1
       1
       0
       0
       0
       1
       1
       1
       2
       0
       0
       2
       0
       0
       0
       0
       1
       0
       0
       0
       1
       0
       0
       2
       0
       0
       0
       1
       0
       0
       0
       0
       0
       0
       0
       0
       0
       0
       0
       0
       0
       0
       0
       0
       0
       0
       0
       0
       0
       0
       0
       0
       0
       0
       0
       0
       0
       0
       0
       0
       0
       0
       0
       0
       0
       0
       0
       0
       0
       0
       0
       0
       0
       0
       0
       0
       0
       0
       0
       0
       0
       0
       0
       0
       0
       1
       0
       0
       0
       0
       0
       0
       0
       0
       0
       0
       0
       0
       0
       0
       0
       0
       0
       0
       0
       0
       0
       0
       0
       0
       0
       0
       0
       0
       0
       0
       0
       0
       0
       0
       0
       0
       0
       0
       0
       0
       0
       0
       0
       0
       0
       0
       0
       0
       0
       0
       0
       0
       0
       0
       0
       0
       0
       0
       0
       0
       0
       0
       0
       0
       0
       0
       0
       0
       0
       0
       0
       0
       0
       0
       0
       0
       0
       0
       0
       0
       0
       0
       0
       0
       0
       0
       0
       0
       0
       0
       0
       0
       0
       0
       0
       0
       0
       0
       0
       0
       0
       0
       0
       0
       0
       0
       0
       0
       0
       0
       0
       0
       0
       0
       0
       0
       0
       0
       0
       0
       0
       0
       0
       0
       0
       0
       0
       0
       0
       0
       0
       0
       0
       0
       0
       0
       0
       0
       0
       0
       0
       0
       0
       0
       0
       0
       0
       0
       0
       0
       0
       0
       0
       0
       0
       0
       0
       0
       0
       0
       0
       0
       0
       0
       0
       0
       0
       0
       0
       0
       0
       0
       0
       0
       0
       0
       0
       0
       0
       0
       0
       0
       0
       0
       0
       0
       0
       0
       0
       0
       0
       0
       0
       0
       0
       0
       0
       0
       0
       0
       0
       0
       0
       0
       0
       0
       0
       0
       0
       0
       0
       0
       0
       0
       0
       0
       0
       0
       0
       0
       0
       0
       0
       0
       0
       0
       0
       0
       0
       0
       0
       0
       0
       0
       0
       0
       0
       0
       0
       0
       0
       0
       0
       0
       0
       0
       0
       0
       0
       0
       0
       0
       0
       0
       0
       0
       0
       0
       0
       0
       0
       0
       0
       0
       0
       0
       0
       0
       0
       0
       0
       0
       0
       0
       0
       0
       0
       0
       0
       0
       0
       0
       0
       0
       0
       0
       0
       0
       0
       0
       0
       0
       0
       0
       0
       0
       0
       0
       0
       0
       0
       0
       0
       0
       0
       0
       0
       0
       0
       0
       0
       0
       0
       0
       0
       0
       0
       0
       0
       0
       0
       0
       0
       0
       0
       0
       0
       0
       0
       0
       0
       0
       0
       0
       0
       0
       0
       0
       0
       0
       0
       0
       0
       0
       0
       0
       0
       0
       0
       0
       0
       0
       0
       0
       0
       0
       0
       0
       0
       0
       0
       0
       0
       0
       0
       0
       0
       0
       0
       0
       0
       0
       0
       0
       0
       0
       0
       0
       0
       0
       0
       0
       0
       0
       0
       0
       0
       0
       0
       0
       0
       0
       0
       0
       0
       0
       0
       0
       0
       0
       0
       0
       0
       0
       0
       0
       0
       0
       0
       0
       0
       0
       0
       0
       0
       0
       0
       0
       0
       0
       0
       0
       0
       0
       0
       0
       0
       0
       0
       0
       0
       0
       0
       0
       0
       0
       0
       0
       0
       0
       0
       0
       0
       0
       0
       0
       0
       0
       0
       0
       0
       0
       0
       0
       0
       0
       0
       0
       0
       0
       0
       0
       0
       0
       0
       0
       0
       0
       0
       0
       0
       0
       0
       0
       0
       0
       0
       0
       0
       0
       0
       0
       0
       0
       0
       0
       0
       0
       0
       0
       0
       0
       0
       0
       0
       0
       0
       0
       0
       0
       0
       0
       0
       0
       0
       0
       0
       0
       0
       0
       0
       0
       0
       0
       0
       0
       0
       0
       0
       0
       0
       0
       0
       0
       0
       0
       0
       0
       0
       0
       0
       0
       0
       0
       0
       0
       0
       0
       0
       0
       0
       0
       0
       0
       0
       0
       0
       0
       0
       0
       0
       0
       0
       0
       0
       0
       0
       0
       0
       0
       0
       0
       0
       0
       0
       0
       0
       0
       0
       0
       0
       0
       0
       0
       0
       0
       0
       0
       0
       0
       0
       0
       0
       0
       0
       0
       0
       0
       0
       0
       0
       0
       0
       0
       0
       0
       0
       0
       0
       0
       0
       0
       0
       0
       0
       0
       0
       0
       0
       0
       0
       0
       0
       0
       0
       0
       0
       0
       0
       0
       0
       0
       0
       0
       0
       0
       0
       0
       0
       0
       0
       0
       0
       0
       0
       0
       0
       0
       0
       0
       0
       0
       0
$ROI:
7
803 815
842 854
896 914
931 944
980 993
1296 1317
1587 1590
$PRESETS:
Real Time
14400
0
$ENER_FIT:
-18.576502 6.711768
$MCA_CAL:
3
-1.857650E+001 6.711768E+000 9.444169E-006 KeV
$SHAPE_CAL:
3
-9.428778E-001 9.253461E-003 -3.762110E-006
