$SPEC_ID:
No sample description was entered.
$SPEC_REM:
DET# 1
DETDESC# YESUM2222 MCB 25
AP# Maestro Version 6.06
$DATE_MEA:
06/19/2016 11:52:31
$MEAS_TIM:
6052 6054
$DATA:
0 2047
       0
       0
       0
       0
       0
       0
       0
       0
       0
       0
       0
       0
       0
      34
    4888
    7808
    6922
    6367
    5927
    5468
    5066
    4883
    4681
    4373
    4389
    4801
    4891
    4215
    3624
    3217
    2946
    2836
    2650
    2492
    2272
    2101
    2041
    1882
    1716
    1525
    1370
    1270
    1239
    1148
     998
     935
     850
     838
     718
     609
     642
     530
     506
     463
     425
     394
     341
     307
     252
     240
     253
     215
     181
     150
     173
     126
     132
     120
     108
      98
     100
      99
      77
      91
      77
      58
      55
      58
      55
      37
      48
      46
      18
      36
      32
      27
      22
      29
      27
      21
      20
      16
      20
      18
      19
      17
      17
      14
      10
      19
       8
       8
       9
      12
       9
       4
       6
       8
      13
       8
       8
      11
       4
       9
       7
       4
       4
       6
       5
       8
       8
       7
       7
       5
       6
       6
       2
       5
       6
       3
       3
       3
       4
       2
       0
       7
       5
       6
       3
       0
       4
       3
       4
       6
       6
       5
       4
       5
       4
       3
       7
       2
       5
       5
       8
       3
       2
       4
       4
       3
       3
       2
       5
       7
       7
       1
       8
       9
       3
       4
       2
       6
       2
       5
       3
       4
       1
       8
       5
       4
       6
       4
       3
       7
       3
       4
       9
       3
       7
       9
       6
       7
       2
       5
       5
       2
       2
       8
       3
       4
       3
       4
       2
      11
       6
       4
       3
       6
       4
       6
       9
       8
       7
       9
       7
       4
       6
       4
       4
       4
       6
       6
       5
       6
       1
       2
      10
       4
       3
       6
       9
       7
       8
       5
      10
       4
       6
       8
       4
       6
       6
       3
       4
       3
       4
       3
       7
       6
       2
       4
       4
       6
       4
       7
       6
       7
       5
       3
       3
       2
       5
       5
       3
       4
       5
       6
       6
       6
       6
       4
       6
       4
       4
       5
       5
       4
       6
       8
       4
       6
       4
       2
       4
       5
      10
       2
       6
       5
       4
       2
       3
       2
      10
       7
       1
       6
       4
       6
      10
       9
       3
       3
       8
       6
       3
       4
       8
       5
       6
       9
       6
       7
       5
       3
       5
       6
       5
       3
      10
       8
       2
       4
       8
       3
       4
       5
       5
       9
       5
       7
       8
       4
       4
       5
       2
       8
       9
       3
       2
       4
       2
       4
       5
       6
       4
       8
       3
       4
       3
       2
       4
       4
       4
       5
       7
       9
       6
       3
       7
       2
       5
       6
       4
       4
       6
       4
       4
       4
       0
       5
       7
       6
       0
       2
       2
       7
       4
       8
       4
       5
       4
       8
       7
       7
       6
       6
       4
       5
       6
       7
       3
       4
       7
       4
       8
       4
       5
       3
       8
       5
       5
      11
       9
       4
       5
       7
       6
       8
       6
       4
       9
       8
       7
       5
       8
       9
       4
       7
       7
       5
       3
       6
       8
       5
       3
       9
       7
       4
       2
       7
       5
       6
       0
       9
       5
       4
       2
       4
       4
       5
       0
       5
       2
       4
       3
       7
       3
       2
       4
       7
       4
       7
       1
       5
       2
       2
       4
       0
       6
       4
      10
       9
       8
       5
       2
       3
       7
       3
       7
       3
       5
      11
      10
       7
       2
       4
       4
       4
       6
       6
       6
       7
       6
       5
       4
       9
       4
       3
       8
       4
       3
       5
       6
      10
       6
       3
       3
       3
       3
       8
       7
       5
       7
       4
       7
       4
       6
       9
       8
       4
       5
       4
       7
       4
       8
       8
       7
       6
       9
       6
       5
       2
       7
       7
      10
       7
       7
       9
       6
       2
       9
       3
       6
       5
       6
       4
       4
       5
       3
       5
       3
       6
       4
       4
       5
       5
       1
       3
       8
       8
       7
       7
       3
       4
      11
       3
       7
       7
      10
       2
       3
       5
       9
       6
       8
       3
       5
       6
       2
       4
       5
       4
       6
       6
      10
       5
       5
       4
       4
       7
       5
       4
       4
       9
       3
       9
       5
       6
       8
       5
      11
       1
       5
      10
       7
      10
       5
       6
       3
       3
       7
       9
       6
       5
       5
       8
       8
       6
       7
       7
       6
       8
       4
       4
       3
       6
       2
       5
       8
       3
      10
       7
       2
      10
       6
       6
       5
       9
       5
       3
       4
       4
      10
       8
       9
       3
       4
       6
      10
       5
      10
       6
       4
       4
       4
       8
       7
       7
       2
       6
       5
       2
       3
       9
       9
       8
       7
      11
       7
       4
       5
      12
       7
       4
       5
       5
       6
       8
       8
       5
      12
       7
      10
      10
      10
       6
       2
       9
       9
       8
       5
      11
       3
      10
       5
       1
       3
       9
       5
       9
       8
       9
       6
       7
       6
       2
       7
       6
      11
       7
       4
       9
      17
       4
       6
       3
       8
       9
       3
       7
      11
       4
      13
      12
       8
       9
      12
       7
      12
       6
       4
       9
       7
       9
       7
       8
      10
       8
       5
      12
       8
      10
       5
      13
       8
       6
      13
       3
      10
       4
       8
       2
      11
      11
      10
       9
       7
       5
      13
       8
       9
       6
       7
       9
       7
       3
       7
       4
       9
      11
      11
       7
       6
      15
      11
      13
       8
      10
      18
      15
       8
      13
       8
      11
       8
      14
       7
       8
      11
       6
      12
      12
       4
      10
      13
      13
      13
       7
       5
      11
      14
       9
      12
      10
      11
       2
      10
       8
      10
       9
      13
       7
      10
      12
       6
      16
      18
       4
      11
      10
      13
      10
      19
       8
      13
       8
      17
      14
       6
      12
      13
      15
      19
       7
       9
       9
      12
      12
       8
      16
       9
       9
      16
      14
      15
      14
      18
      10
      39
      33
      30
      24
      15
      16
      21
      14
      17
      18
      14
      30
      19
      22
      17
      11
      12
      12
      17
      12
      16
      17
      16
      20
      33
      45
      22
      17
      20
      21
      14
      16
       9
      12
      17
      16
      25
      19
      23
      17
      20
      17
      16
      15
      23
      22
      17
      25
      26
      15
      13
      15
      26
      24
      15
      32
      21
      28
      37
      38
      29
      45
      80
     104
     210
     410
     702
     826
     583
     254
     140
     194
     337
     303
     184
      76
      33
      25
      17
      16
      17
      20
      17
      21
      22
      10
      15
      16
      26
      24
      27
      38
      22
      37
      49
      46
      66
     120
     246
     579
    1058
    1091
     679
     222
      59
      21
      16
      29
       9
      22
      19
      14
      25
      20
      16
      18
      22
      20
      17
      22
      21
      23
      26
      31
      16
      24
      22
      29
      20
      23
      23
      33
      49
      46
      35
      29
      36
      51
      42
      48
      62
      79
      87
      74
      85
     118
     178
     271
     414
    1025
    2486
    4740
    5868
    4160
    1510
     280
      38
       1
       3
       3
       2
       2
       3
       1
       3
       3
       1
       2
       4
       1
       2
       7
       3
       7
       3
       1
       3
       3
       1
       3
       3
       4
       0
       1
       2
       3
       3
       0
       2
       1
       0
       3
       1
       1
       4
       3
       0
       0
       4
       3
       1
       1
       1
       1
       1
       2
       2
       2
       3
       2
       2
       2
       1
       1
       1
       1
       2
       2
       1
       2
       1
       3
       3
       0
       1
       2
       0
       1
       2
       2
       0
       2
       0
       1
       1
       3
       6
       2
       2
       0
       2
       3
       2
       3
       2
       1
       0
       4
       2
       4
       0
       2
       2
       3
       2
       1
       2
       0
       2
       0
       3
       1
       3
       1
       1
       3
       2
       1
       1
       1
       0
       5
       4
       5
      22
      14
      18
       5
       0
       1
       3
       4
       0
       1
       1
       1
       1
       0
       0
       3
       1
       2
       3
       1
       1
       0
       2
       0
       2
       2
       2
       2
       0
       1
       3
       2
       2
       1
       5
       6
      11
       4
       0
       1
       2
       4
       1
       1
       5
       0
       1
       1
       2
       1
       1
       5
       0
       2
       3
       3
       1
       0
       0
       3
       2
       1
       2
       3
       2
       1
       0
       5
       7
       2
       2
       3
       3
       4
       1
       0
       7
       4
       2
       5
       5
       2
       3
       1
       2
       4
       5
       8
       5
       2
       3
       4
       1
       5
       1
       2
       4
       2
       3
       2
       3
       3
       2
       0
       4
       6
       7
       4
       4
       5
       1
       1
       4
       3
       1
       5
       6
       3
       2
       4
       3
       2
       2
       8
       1
       9
       3
       3
       0
       5
       2
       5
       4
       2
       3
       6
       6
       6
       1
       3
       8
       5
       6
       6
       6
       3
      11
       7
       9
       6
       7
       8
       3
       2
       6
       6
       8
       7
       4
       5
       2
      14
      11
       4
       5
       6
      12
       6
      12
       8
      16
       9
       9
      12
      15
      12
      15
      14
      15
      16
       9
      21
      22
      20
      20
      18
      13
      24
      27
      32
      46
      53
      55
      72
     137
     225
     465
    1007
    1757
    2033
    1356
     477
     116
      25
      22
      17
      10
      25
      16
       6
      17
       7
      13
       7
       8
      11
       5
       7
       9
       6
       6
       2
       8
       7
       4
       7
       3
       4
       0
       2
       4
       2
       3
       0
       5
       2
       2
       2
       0
       2
       1
       0
       0
       0
       1
       0
       0
       1
       3
       1
       0
       1
       1
       2
       1
       0
       0
       0
       1
       1
       0
       0
       0
       0
       1
       0
       0
       0
       1
       0
       0
       0
       0
       0
       0
       0
       0
       0
       0
       0
       0
       0
       0
       0
       0
       0
       0
       0
       0
       1
       0
       0
       1
       0
       0
       0
       0
       0
       0
       0
       0
       0
       0
       0
       0
       0
       0
       0
       0
       0
       0
       0
       0
       0
       0
       0
       0
       0
       0
       0
       0
       0
       0
       0
       0
       0
       0
       0
       0
       0
       0
       0
       0
       0
       0
       0
       0
       0
       0
       0
       0
       0
       0
       0
       0
       0
       0
       0
       0
       0
       0
       0
       0
       0
       0
       0
       0
       0
       0
       0
       0
       0
       0
       0
       0
       0
       0
       0
       0
       0
       0
       0
       0
       0
       0
       0
       0
       0
       0
       0
       0
       0
       0
       0
       0
       0
       0
       0
       0
       0
       0
       0
       0
       0
       0
       0
       0
       0
       0
       0
       0
       0
       0
       0
       0
       0
       0
       0
       0
       0
       0
       0
       0
       0
       0
       0
       0
       0
       0
       0
       0
       0
       0
       0
       0
       0
       0
       0
       0
       0
       0
       0
       0
       0
       0
       0
       0
       0
       0
       0
       0
       0
       0
       0
       0
       0
       0
       0
       0
       0
       0
       0
       0
       0
       0
       0
       0
       0
       0
       0
       1
       0
       1
       0
       0
       0
       0
       0
       0
       0
       0
       0
       0
       0
       0
       0
       0
       0
       0
       0
       0
       0
       0
       0
       0
       0
       0
       0
       0
       0
       0
       0
       0
       0
       0
       0
       0
       0
       0
       0
       0
       0
       0
       0
       0
       0
       0
       0
       0
       0
       0
       0
       0
       0
       0
       0
       0
       0
       0
       0
       0
       0
       0
       0
       0
       0
       0
       0
       0
       0
       0
       0
       0
       0
       0
       0
       0
       0
       0
       0
       0
       0
       0
       0
       0
       0
       0
       0
       0
       0
       0
       0
       0
       0
       0
       0
       0
       0
       0
       0
       0
       0
       0
       0
       0
       0
       0
       0
       0
       0
       0
       0
       0
       0
       0
       0
       0
       0
       0
       0
       0
       0
       0
       0
       0
       0
       0
       0
       0
       0
       0
       0
       0
       0
       0
       0
       0
       0
       0
       0
       0
       0
       0
       0
       0
       0
       0
       0
       0
       0
       0
       0
       0
       0
       0
       0
       0
       0
       0
       0
       0
       0
       0
       0
       0
       0
       0
       0
       0
       0
       0
       0
       0
       0
       0
       0
       0
       0
       0
       0
       0
       0
       0
       0
       0
       0
       0
       0
       0
       0
       0
       0
       0
       0
       0
       0
       0
       0
       0
       0
       0
       0
       0
       0
       0
       0
       0
       0
       0
       0
       0
       0
       0
       0
       0
       0
       0
       0
       0
       0
       0
       0
       0
       0
       0
       0
       0
       0
       0
       0
       0
       0
       0
       0
       0
       0
       0
       0
       0
       0
       0
       0
       0
       0
       0
       0
       0
       0
       0
       0
       0
       0
       0
       0
       0
       0
       0
       0
       0
       0
       0
       0
       0
       0
       0
       0
       0
       0
       0
       0
       0
       0
       0
       0
       0
       0
       0
       0
       0
       0
       0
       0
       0
       0
       0
       0
       0
       0
       0
       0
       0
       0
       0
       0
       0
       0
       0
       0
       0
       0
       0
       0
       0
       0
       0
       0
       0
       0
       0
       0
       0
       0
       0
       0
       0
       0
       0
       0
       0
       0
       0
       0
       0
       0
       0
       0
       0
       0
       0
       0
       0
       0
       0
       0
       0
       0
       0
       0
       0
       0
       0
       0
       0
       0
       0
       0
       0
       0
       0
       0
       0
       0
       0
       0
       0
       0
       0
       0
       0
       0
       0
       0
       0
       0
       0
       0
       0
       0
       0
       0
       0
       0
       0
       0
       0
       0
       0
       0
       0
       0
       0
       0
       0
       0
       0
       0
       0
       0
       0
       0
       0
       0
       0
       0
       0
       0
       0
       0
       0
       0
       0
       0
       0
       0
       0
       0
       0
       0
       0
       0
       0
       0
       0
       0
       0
       0
       0
       0
       0
       0
       0
       0
       0
       0
       0
       0
       0
       0
       0
       0
       0
       0
       0
       0
       0
       0
       0
       0
       0
       0
       0
       0
       0
       0
       0
       0
       0
       0
       0
       0
       0
       0
       0
       0
       0
       0
       0
       0
       0
       0
       0
       0
       0
       0
       0
       0
       0
       0
       0
       0
       0
       0
       0
       0
       0
       0
$ROI:
7
803 815
842 854
896 914
931 944
980 993
1296 1317
1587 1590
$PRESETS:
Real Time
14400
0
$ENER_FIT:
-18.576502 6.711768
$MCA_CAL:
3
-1.857650E+001 6.711768E+000 9.444169E-006 KeV
$SHAPE_CAL:
3
-9.428778E-001 9.253461E-003 -3.762110E-006
