$SPEC_ID:
No sample description was entered.
$SPEC_REM:
DET# 1
DETDESC# YESUM2222 MCB 25
AP# Maestro Version 6.06
$DATE_MEA:
06/19/2016 11:52:31
$MEAS_TIM:
6218 6220
$DATA:
0 2047
       0
       0
       0
       0
       0
       0
       0
       0
       0
       0
       0
       0
       0
      35
    4965
    7903
    7034
    6442
    6019
    5547
    5134
    4957
    4748
    4436
    4453
    4914
    4971
    4288
    3675
    3259
    3001
    2871
    2685
    2531
    2308
    2134
    2064
    1911
    1739
    1540
    1390
    1285
    1248
    1172
    1015
     942
     862
     847
     729
     615
     645
     531
     511
     467
     431
     399
     346
     311
     254
     241
     259
     216
     183
     153
     176
     127
     134
     121
     111
     100
     102
     101
      80
      91
      78
      58
      58
      59
      55
      37
      48
      47
      18
      37
      32
      27
      23
      29
      27
      21
      20
      16
      21
      18
      19
      17
      17
      14
      10
      19
       8
       8
       9
      12
       9
       4
       6
       8
      13
       8
       8
      12
       4
       9
       7
       4
       4
       6
       5
       8
       8
       7
       8
       5
       6
       6
       2
       6
       6
       3
       3
       3
       4
       2
       0
       7
       5
       6
       4
       0
       4
       3
       5
       6
       7
       5
       4
       5
       4
       3
       7
       2
       5
       5
       9
       3
       2
       4
       4
       4
       3
       2
       5
       7
       7
       1
       8
       9
       3
       5
       2
       6
       2
       5
       3
       4
       1
       8
       5
       5
       6
       4
       3
       7
       3
       4
       9
       3
       7
       9
       6
       7
       2
       5
       5
       2
       2
       8
       3
       4
       3
       4
       2
      11
       7
       4
       3
       6
       5
       6
       9
       8
       7
       9
       7
       4
       6
       4
       4
       4
       6
       6
       7
       7
       1
       2
      10
       4
       4
       6
       9
       7
       8
       5
      10
       4
       6
       8
       4
       6
       6
       3
       4
       3
       4
       3
       7
       6
       2
       4
       4
       6
       4
       7
       6
       7
       5
       4
       4
       2
       5
       5
       3
       4
       5
       6
       6
       6
       6
       4
       6
       4
       4
       6
       6
       5
       6
       8
       4
       6
       5
       2
       4
       6
      10
       2
       6
       5
       4
       2
       3
       3
      10
       7
       1
       6
       4
       6
      10
       9
       3
       3
       8
       6
       3
       4
       8
       5
       6
      10
       6
       7
       6
       3
       5
       6
       5
       4
      10
       8
       2
       5
       8
       3
       4
       5
       5
       9
       5
       7
       8
       5
       4
       5
       2
       8
       9
       3
       2
       4
       2
       4
       5
       6
       4
       8
       3
       4
       3
       2
       4
       4
       4
       5
       7
       9
       6
       3
       7
       2
       5
       6
       4
       4
       6
       4
       4
       4
       0
       5
       7
       6
       0
       2
       3
       7
       4
       8
       4
       5
       4
       9
       7
       7
       6
       6
       4
       5
       6
       7
       3
       4
       7
       4
       8
       4
       5
       3
       8
       5
       5
      11
       9
       4
       6
       7
       6
       8
       6
       4
       9
       8
       7
       5
       8
       9
       4
       7
       7
       5
       3
       6
       8
       6
       3
       9
       7
       5
       3
       8
       5
       6
       0
       9
       5
       4
       2
       4
       4
       5
       0
       5
       3
       4
       3
       7
       3
       2
       4
       8
       4
       7
       1
       5
       2
       2
       4
       0
       6
       4
      10
       9
       8
       5
       2
       3
       7
       3
       7
       4
       5
      11
      10
       7
       2
       4
       4
       4
       6
       6
       6
       7
       6
       5
       4
       9
       4
       3
       8
       4
       3
       5
       6
      10
       6
       3
       3
       3
       3
      10
       7
       5
       7
       4
       7
       4
       6
       9
       8
       4
       5
       4
       7
       4
       8
       8
       7
       6
       9
       6
       5
       2
       7
       7
      10
       7
       7
       9
       6
       2
       9
       3
       6
       5
       6
       5
       4
       5
       3
       5
       3
       6
       4
       4
       5
       5
       1
       3
       8
       9
       7
       7
       3
       4
      11
       3
       7
       7
      10
       2
       3
       5
       9
       6
       8
       3
       5
       6
       3
       4
       6
       4
       6
       6
      11
       5
       5
       4
       4
       7
       5
       5
       4
       9
       4
       9
       5
       6
       8
       5
      11
       1
       5
      10
       7
      10
       5
       6
       4
       3
       7
      10
       6
       5
       6
       9
       8
       6
       7
       7
       6
       8
       4
       4
       3
       6
       2
       5
       8
       3
      10
       7
       3
      10
       6
       6
       5
       9
       7
       3
       4
       4
      10
       8
       9
       3
       4
       6
      10
       5
      10
       6
       5
       4
       4
       8
       7
       7
       2
       6
       5
       2
       3
       9
       9
       8
       7
      11
       7
       4
       5
      12
       7
       4
       5
       5
       6
       8
       8
       5
      12
       7
      10
      10
      10
       6
       2
       9
       9
       8
       5
      11
       3
      10
       5
       2
       3
       9
       5
       9
       8
       9
       6
       7
       7
       2
       8
       6
      11
       7
       4
       9
      17
       4
       6
       3
       8
      10
       3
       7
      11
       4
      13
      12
       8
       9
      12
       7
      12
       6
       4
       9
       7
       9
       7
       9
      11
       8
       5
      12
       8
      10
       5
      13
       8
       6
      13
       3
      10
       4
       8
       2
      12
      11
      10
       9
       7
       5
      13
       9
       9
       7
       7
       9
       7
       3
       7
       5
      10
      11
      12
       7
       6
      15
      11
      13
       8
      11
      18
      15
       8
      13
       8
      11
       8
      14
       7
       8
      11
       6
      13
      12
       4
      10
      14
      13
      13
       7
       6
      11
      14
      10
      12
      10
      11
       2
      10
       8
      10
       9
      13
       8
      10
      13
       6
      16
      18
       4
      11
      10
      13
      10
      19
       8
      14
       8
      17
      14
       6
      12
      13
      15
      19
       7
       9
       9
      12
      12
       8
      16
       9
       9
      16
      14
      16
      14
      19
      10
      39
      33
      32
      24
      15
      16
      21
      14
      19
      19
      14
      30
      21
      22
      18
      11
      12
      13
      17
      12
      16
      17
      16
      21
      34
      45
      22
      17
      20
      21
      14
      16
       9
      12
      17
      16
      26
      19
      24
      17
      20
      17
      16
      15
      23
      23
      17
      25
      27
      15
      13
      15
      27
      24
      15
      33
      22
      28
      39
      39
      29
      46
      81
     107
     210
     420
     733
     848
     596
     264
     144
     197
     347
     313
     190
      76
      33
      25
      17
      16
      17
      20
      18
      21
      22
      10
      15
      16
      26
      24
      27
      38
      22
      37
      50
      47
      66
     120
     247
     581
    1070
    1099
     682
     224
      60
      21
      16
      29
      10
      22
      19
      14
      25
      20
      16
      18
      22
      20
      18
      22
      21
      24
      26
      31
      16
      24
      22
      29
      20
      23
      23
      33
      49
      47
      36
      30
      36
      51
      42
      48
      63
      80
      87
      74
      85
     120
     178
     274
     418
    1040
    2509
    4783
    5929
    4192
    1525
     282
      39
       1
       3
       3
       2
       2
       3
       1
       3
       3
       1
       2
       4
       1
       2
       7
       3
       8
       3
       1
       3
       3
       1
       3
       3
       5
       0
       1
       2
       3
       3
       0
       2
       1
       0
       3
       1
       1
       4
       3
       0
       0
       4
       3
       1
       1
       1
       1
       1
       2
       2
       2
       3
       2
       2
       2
       1
       1
       1
       1
       2
       2
       1
       3
       1
       3
       3
       0
       1
       2
       0
       1
       2
       2
       0
       2
       0
       1
       1
       3
       6
       2
       2
       0
       2
       3
       2
       3
       2
       1
       0
       4
       2
       4
       0
       2
       2
       3
       2
       1
       3
       0
       2
       0
       3
       1
       3
       1
       1
       3
       2
       1
       1
       1
       0
       5
       4
       5
      22
      14
      18
       5
       0
       1
       3
       4
       0
       1
       1
       1
       1
       0
       0
       3
       1
       2
       3
       1
       1
       0
       2
       0
       2
       2
       2
       2
       0
       1
       3
       2
       2
       1
       5
       6
      11
       4
       0
       1
       2
       4
       1
       1
       5
       0
       1
       1
       2
       1
       1
       5
       0
       2
       3
       3
       1
       0
       0
       3
       2
       1
       2
       3
       2
       1
       0
       5
       7
       3
       2
       3
       3
       4
       1
       0
       7
       4
       2
       5
       5
       2
       3
       1
       3
       4
       5
       8
       5
       2
       4
       4
       1
       5
       1
       2
       4
       2
       3
       2
       3
       3
       2
       0
       5
       6
       7
       4
       4
       5
       1
       1
       4
       3
       1
       5
       6
       3
       2
       4
       3
       2
       2
       8
       2
       9
       3
       3
       0
       5
       2
       5
       4
       2
       3
       6
       6
       6
       1
       3
       8
       6
       6
       6
       6
       3
      11
       7
       9
       6
       7
       8
       3
       2
       6
       6
       8
       7
       4
       5
       2
      14
      11
       4
       5
       6
      12
       6
      12
       8
      16
       9
       9
      12
      15
      12
      15
      14
      15
      17
      10
      21
      23
      20
      23
      19
      13
      25
      27
      33
      46
      54
      57
      75
     141
     229
     480
    1029
    1809
    2087
    1383
     487
     119
      28
      22
      18
      10
      25
      16
       6
      17
       7
      13
       7
       8
      11
       6
       9
       9
       6
       6
       3
       8
       7
       4
       7
       4
       5
       0
       2
       4
       2
       3
       0
       5
       3
       2
       2
       0
       2
       1
       0
       0
       0
       1
       0
       0
       1
       3
       1
       0
       1
       1
       2
       1
       0
       0
       0
       1
       1
       0
       0
       0
       0
       1
       0
       0
       0
       1
       0
       0
       0
       0
       0
       0
       0
       0
       0
       0
       0
       0
       0
       0
       0
       0
       0
       0
       0
       0
       1
       0
       0
       1
       0
       0
       0
       0
       0
       0
       0
       0
       0
       0
       0
       0
       0
       0
       0
       0
       0
       0
       0
       0
       0
       0
       0
       0
       0
       0
       0
       0
       0
       0
       0
       0
       0
       0
       0
       0
       0
       0
       0
       0
       0
       0
       0
       0
       0
       0
       0
       0
       0
       0
       0
       0
       0
       0
       0
       0
       0
       0
       0
       0
       0
       0
       0
       0
       0
       0
       0
       0
       0
       0
       0
       0
       0
       0
       0
       0
       0
       0
       0
       0
       0
       0
       0
       0
       0
       0
       0
       0
       0
       0
       0
       0
       0
       0
       0
       0
       0
       0
       0
       0
       0
       0
       0
       0
       0
       0
       0
       0
       0
       0
       0
       0
       0
       0
       0
       0
       0
       0
       0
       0
       0
       0
       0
       0
       0
       0
       0
       0
       0
       0
       0
       0
       0
       0
       0
       0
       0
       0
       0
       0
       0
       0
       0
       0
       0
       0
       0
       0
       0
       0
       0
       0
       0
       0
       0
       0
       0
       0
       0
       0
       0
       0
       0
       0
       0
       0
       0
       1
       0
       1
       0
       0
       0
       0
       0
       0
       0
       0
       0
       0
       0
       0
       0
       0
       0
       0
       0
       0
       0
       0
       0
       0
       0
       0
       0
       0
       0
       0
       0
       0
       0
       0
       0
       0
       0
       0
       0
       0
       0
       0
       0
       0
       0
       0
       0
       0
       0
       0
       0
       0
       0
       0
       0
       0
       0
       0
       0
       0
       0
       0
       0
       0
       0
       0
       0
       0
       0
       0
       0
       0
       0
       0
       0
       0
       0
       0
       0
       0
       0
       0
       0
       0
       0
       0
       0
       0
       0
       0
       0
       0
       0
       0
       0
       0
       0
       0
       0
       0
       0
       0
       0
       0
       0
       0
       0
       0
       0
       0
       0
       0
       0
       0
       0
       0
       0
       0
       0
       0
       0
       0
       0
       0
       0
       0
       0
       0
       0
       0
       0
       0
       0
       0
       0
       0
       0
       0
       0
       0
       0
       0
       0
       0
       0
       0
       0
       0
       0
       0
       0
       0
       0
       0
       0
       0
       0
       0
       0
       0
       0
       0
       0
       0
       0
       0
       0
       0
       0
       0
       0
       0
       0
       0
       0
       0
       0
       0
       0
       0
       0
       0
       0
       0
       0
       0
       0
       0
       0
       0
       0
       0
       0
       0
       0
       0
       0
       0
       0
       0
       0
       0
       0
       0
       0
       0
       0
       0
       0
       0
       0
       0
       0
       0
       0
       0
       0
       0
       0
       0
       0
       0
       0
       0
       0
       0
       0
       0
       0
       0
       0
       0
       0
       0
       0
       0
       0
       0
       0
       0
       0
       0
       0
       0
       0
       0
       0
       0
       0
       0
       0
       0
       0
       0
       0
       0
       0
       0
       0
       0
       0
       0
       0
       0
       0
       0
       0
       0
       0
       0
       0
       0
       0
       0
       0
       0
       0
       0
       0
       0
       0
       0
       0
       0
       0
       0
       0
       0
       0
       0
       0
       0
       0
       0
       0
       0
       0
       0
       0
       0
       0
       0
       0
       0
       0
       0
       0
       0
       0
       0
       0
       0
       0
       0
       0
       0
       0
       0
       0
       0
       0
       0
       0
       0
       0
       0
       0
       0
       0
       0
       0
       0
       0
       0
       0
       0
       0
       0
       0
       0
       0
       0
       0
       0
       0
       0
       0
       0
       0
       0
       0
       0
       0
       0
       0
       0
       0
       0
       0
       0
       0
       0
       0
       0
       0
       0
       0
       0
       0
       0
       0
       0
       0
       0
       0
       0
       0
       0
       0
       0
       0
       0
       0
       0
       0
       0
       0
       0
       0
       0
       0
       0
       0
       0
       0
       0
       0
       0
       0
       0
       0
       0
       0
       0
       0
       0
       0
       0
       0
       0
       0
       0
       0
       0
       0
       0
       0
       0
       0
       0
       0
       0
       0
       0
       0
       0
       0
       0
       0
       0
       0
       0
       0
       0
       0
       0
       0
       0
       0
       0
       0
       0
       0
       0
       0
       0
       0
       0
       0
       0
       0
       0
       0
       0
       0
       0
       0
       0
       0
       0
       0
       0
       0
       0
       0
       0
       0
       0
       0
       0
       0
       0
       0
       0
       0
$ROI:
7
803 815
842 854
896 914
931 944
980 993
1296 1317
1587 1590
$PRESETS:
Real Time
14400
0
$ENER_FIT:
-18.576502 6.711768
$MCA_CAL:
3
-1.857650E+001 6.711768E+000 9.444169E-006 KeV
$SHAPE_CAL:
3
-9.428778E-001 9.253461E-003 -3.762110E-006
