$SPEC_ID:
No sample description was entered.
$SPEC_REM:
DET# 1
DETDESC# YESUM2222 MCB 25
AP# Maestro Version 6.06
$DATE_MEA:
06/19/2016 11:52:31
$MEAS_TIM:
6604 6606
$DATA:
0 2047
       0
       0
       0
       0
       0
       0
       0
       0
       0
       0
       0
       0
       0
      35
    5099
    8161
    7249
    6655
    6205
    5716
    5311
    5107
    4905
    4587
    4600
    5092
    5141
    4455
    3788
    3351
    3100
    2978
    2764
    2609
    2374
    2207
    2124
    1973
    1792
    1584
    1427
    1330
    1285
    1200
    1044
     967
     889
     868
     751
     634
     660
     541
     519
     481
     440
     410
     356
     322
     265
     246
     269
     221
     188
     156
     181
     130
     139
     122
     115
     100
     106
     103
      82
      94
      79
      61
      58
      60
      57
      40
      52
      48
      19
      38
      32
      27
      23
      29
      28
      21
      23
      16
      22
      18
      20
      17
      17
      14
      10
      19
       8
       8
       9
      13
       9
       5
       6
       8
      13
       8
       8
      12
       4
       9
       7
       5
       4
       6
       5
       8
       8
       7
       8
       5
       6
       6
       2
       6
       7
       3
       4
       3
       4
       2
       0
       7
       5
       6
       4
       1
       4
       3
       5
       6
       7
       5
       4
       5
       4
       3
       8
       2
       5
       5
       9
       3
       2
       4
       4
       4
       3
       2
       5
       7
       7
       1
       8
       9
       3
       5
       2
       6
       2
       5
       3
       4
       3
       8
       5
       5
       6
       4
       3
       7
       4
       4
      10
       3
       8
       9
       6
       7
       2
       5
       5
       3
       4
       8
       3
       5
       4
       4
       2
      12
       7
       4
       4
       6
       5
       6
       9
       8
       7
       9
       7
       4
       6
       5
       4
       5
       6
       6
       7
       7
       1
       2
      10
       4
       5
       6
       9
       7
       8
       5
      12
       4
       6
       8
       4
       7
       6
       3
       4
       3
       4
       4
       7
       7
       2
       4
       4
       6
       5
       7
       6
       7
       5
       4
       4
       2
       6
       5
       3
       4
       6
       6
       8
       6
       6
       4
       6
       4
       4
       6
       6
       5
       6
       8
       5
       6
       5
       2
       4
       6
      10
       2
       6
       5
       4
       2
       3
       3
      10
       7
       1
       6
       4
       6
      10
       9
       3
       4
       8
       6
       3
       4
       8
       7
       6
      10
       6
       7
       6
       4
       5
       7
       5
       4
      10
       8
       4
       5
       8
       4
       5
       5
       5
       9
       5
       7
       8
       5
       5
       5
       2
       8
       9
       3
       3
       4
       2
       4
       5
       6
       4
       8
       3
       4
       3
       2
       4
       4
       4
       5
       8
       9
       6
       3
       7
       2
       5
       6
       4
       4
       6
       4
       4
       5
       0
       5
       7
       6
       0
       2
       3
       7
       5
       8
       4
       5
       4
       9
       7
       7
       6
       6
       4
       5
       6
       7
       4
       4
       7
       4
       8
       4
       5
       3
       8
       5
       5
      13
       9
       4
       6
       7
       6
       8
       7
       4
       9
       8
       7
       5
       8
       9
       5
       7
       7
       5
       3
       6
       8
       6
       3
       9
       7
       6
       3
       8
       6
       6
       0
       9
       5
       4
       2
       4
       4
       5
       0
       5
       3
       4
       3
       7
       3
       2
       5
       8
       4
       7
       1
       6
       2
       2
       5
       0
       6
       4
      10
       9
       8
       6
       3
       3
       7
       3
       7
       4
       5
      11
      11
       7
       3
       4
       4
       4
       6
       6
       6
       8
       7
       5
       4
       9
       4
       3
       8
       5
       3
       5
       7
      11
       6
       3
       6
       3
       3
      10
       7
       5
       7
       4
       7
       4
       6
       9
       8
       4
       5
       4
       7
       5
       8
       8
       8
       6
       9
       6
       5
       2
       7
       7
      10
       7
       7
       9
       6
       3
       9
       3
       7
       5
       6
       5
       4
       5
       3
       5
       3
       6
       4
       4
       6
       5
       1
       4
       8
       9
       8
       8
       3
       4
      12
       6
       7
       7
      10
       2
       3
       5
      11
       6
      10
       4
       5
       7
       3
       4
       6
       4
       6
       6
      11
       5
       5
       4
       4
       7
       6
       5
       4
       9
       4
       9
       5
       7
       8
       6
      12
       2
       5
      10
       7
      10
       6
       6
       4
       4
       7
      11
       7
       5
       6
       9
       8
       6
       7
       7
       7
       8
       5
       4
       3
       7
       2
       5
       8
       3
      10
       7
       4
      10
       6
       7
       7
      10
       7
       3
       4
       4
      10
       9
       9
       3
       4
       6
      10
       5
      10
       6
       5
       4
       5
       8
       8
       7
       2
       7
       6
       2
       3
       9
       9
       8
       7
      12
       7
       4
       6
      12
       7
       4
       5
       6
       6
       8
       8
       5
      12
       7
      11
      11
      10
       7
       2
       9
       9
       8
       5
      11
       4
      10
       5
       3
       3
       9
       6
       9
       8
       9
       6
       7
       8
       2
       8
       6
      12
       7
       4
       9
      17
       4
       6
       3
       8
      12
       3
       7
      11
       4
      14
      12
       8
       9
      13
       8
      13
       6
       4
       9
       7
       9
       7
       9
      11
       9
       5
      12
       8
      11
       5
      13
       8
       6
      13
       3
      10
       5
       8
       2
      12
      12
      11
       9
       7
       6
      13
       9
       9
       7
       7
       9
       7
       3
       7
       5
      10
      11
      12
       8
       6
      15
      11
      15
       8
      13
      18
      15
       8
      15
       9
      11
       8
      15
       7
       8
      11
       6
      13
      12
       5
      10
      14
      13
      13
       7
       6
      11
      15
      10
      12
      11
      11
       4
      10
       8
      11
      10
      13
       8
      10
      13
       6
      17
      19
       5
      13
      11
      13
      10
      19
       8
      15
       8
      17
      14
       6
      13
      13
      18
      19
       9
      10
       9
      13
      12
       8
      16
      11
       9
      16
      14
      16
      14
      20
      10
      40
      33
      33
      25
      16
      17
      21
      15
      19
      19
      15
      31
      24
      23
      18
      11
      12
      13
      17
      12
      16
      17
      17
      22
      34
      47
      25
      17
      22
      22
      15
      17
       9
      14
      17
      17
      26
      19
      25
      18
      22
      18
      16
      15
      24
      23
      17
      25
      27
      15
      15
      18
      27
      24
      15
      33
      22
      28
      40
      39
      32
      50
      83
     109
     224
     441
     773
     889
     631
     279
     151
     204
     366
     329
     201
      79
      34
      25
      17
      16
      17
      21
      18
      22
      22
      11
      15
      17
      26
      24
      31
      39
      23
      37
      50
      47
      66
     122
     249
     594
    1088
    1118
     693
     228
      61
      22
      16
      29
      11
      23
      19
      15
      25
      21
      16
      18
      22
      20
      19
      23
      22
      25
      27
      32
      16
      25
      22
      30
      21
      24
      25
      34
      51
      47
      38
      31
      38
      51
      43
      49
      66
      82
      87
      76
      89
     121
     183
     277
     431
    1063
    2551
    4866
    6061
    4263
    1550
     286
      40
       2
       3
       3
       2
       3
       3
       1
       3
       3
       1
       2
       4
       1
       2
       8
       3
       8
       4
       1
       3
       3
       1
       3
       4
       5
       0
       1
       2
       5
       3
       0
       2
       1
       0
       3
       1
       1
       4
       3
       0
       0
       4
       3
       1
       1
       1
       1
       1
       2
       2
       2
       3
       2
       2
       2
       1
       1
       1
       1
       2
       2
       1
       3
       1
       3
       3
       0
       1
       2
       0
       2
       2
       3
       0
       2
       0
       1
       1
       3
       6
       2
       2
       0
       2
       3
       2
       3
       2
       1
       0
       4
       2
       4
       0
       2
       3
       3
       2
       1
       4
       0
       2
       1
       3
       2
       3
       1
       1
       3
       2
       1
       1
       1
       0
       5
       4
       6
      23
      14
      18
       5
       0
       1
       3
       4
       0
       1
       1
       1
       1
       0
       0
       3
       2
       2
       3
       1
       1
       0
       2
       0
       2
       2
       2
       2
       1
       2
       4
       2
       2
       1
       5
       7
      11
       4
       0
       2
       2
       4
       1
       1
       5
       0
       1
       1
       2
       1
       1
       5
       0
       2
       3
       3
       1
       0
       0
       3
       2
       1
       2
       3
       2
       1
       0
       5
       7
       3
       2
       3
       3
       4
       1
       0
       7
       5
       2
       5
       5
       2
       4
       2
       3
       4
       5
       8
       5
       2
       4
       4
       1
       5
       1
       2
       5
       2
       3
       2
       3
       3
       2
       0
       5
       7
       7
       4
       4
       6
       1
       1
       4
       3
       1
       6
       6
       3
       2
       5
       3
       2
       2
       8
       2
      10
       4
       3
       1
       5
       2
       6
       4
       2
       3
       6
       6
       6
       1
       4
      10
       6
       6
       6
       6
       3
      11
       7
       9
       7
       7
       9
       3
       2
       6
       7
       8
       7
       4
       7
       3
      14
      11
       4
       6
       6
      12
       6
      12
       8
      17
      10
      10
      13
      16
      13
      15
      14
      15
      17
      13
      21
      23
      23
      23
      23
      17
      27
      31
      35
      50
      57
      63
      79
     150
     248
     508
    1109
    1907
    2192
    1460
     515
     128
      28
      23
      19
      11
      26
      17
       8
      17
       7
      13
       8
       8
      11
       6
       9
       9
       7
       6
       3
       8
       7
       4
       8
       4
       5
       0
       2
       4
       3
       3
       0
       6
       3
       3
       2
       0
       2
       1
       0
       0
       0
       1
       0
       0
       2
       3
       1
       0
       1
       1
       2
       1
       0
       0
       0
       1
       1
       1
       0
       0
       0
       1
       0
       0
       0
       1
       1
       0
       0
       0
       0
       0
       0
       0
       0
       0
       0
       0
       0
       0
       0
       0
       0
       0
       0
       0
       1
       0
       0
       1
       0
       0
       0
       0
       0
       0
       0
       0
       0
       0
       0
       0
       0
       0
       0
       0
       0
       0
       0
       0
       0
       0
       0
       0
       0
       0
       0
       0
       0
       0
       0
       0
       0
       0
       0
       0
       0
       0
       0
       0
       0
       0
       0
       0
       0
       0
       0
       0
       0
       0
       0
       0
       0
       0
       0
       0
       0
       0
       0
       0
       0
       0
       0
       0
       0
       0
       0
       0
       0
       0
       0
       0
       0
       0
       0
       0
       0
       0
       0
       0
       0
       0
       0
       0
       0
       0
       0
       0
       0
       0
       0
       0
       0
       0
       0
       0
       0
       0
       0
       0
       0
       0
       0
       0
       0
       0
       0
       0
       0
       0
       0
       0
       0
       0
       0
       0
       0
       0
       0
       0
       0
       0
       0
       0
       0
       0
       0
       0
       0
       0
       0
       0
       0
       0
       0
       0
       0
       0
       0
       0
       0
       0
       0
       0
       0
       0
       0
       0
       0
       0
       0
       0
       0
       0
       0
       0
       0
       0
       0
       0
       0
       0
       0
       0
       0
       0
       0
       1
       0
       1
       0
       0
       0
       0
       0
       0
       0
       0
       0
       0
       0
       0
       0
       0
       0
       0
       0
       0
       0
       0
       0
       0
       0
       0
       0
       0
       0
       0
       0
       0
       0
       0
       0
       0
       0
       0
       0
       0
       0
       0
       0
       0
       0
       0
       0
       0
       0
       0
       0
       0
       0
       0
       0
       0
       0
       0
       0
       0
       0
       0
       0
       0
       0
       0
       0
       0
       0
       0
       0
       0
       0
       0
       0
       0
       0
       0
       0
       0
       0
       0
       0
       0
       0
       0
       0
       0
       0
       0
       0
       0
       0
       0
       0
       0
       0
       0
       0
       0
       0
       0
       0
       0
       0
       0
       0
       0
       0
       0
       0
       0
       0
       0
       0
       0
       0
       0
       0
       0
       0
       0
       0
       0
       0
       0
       0
       0
       0
       0
       0
       0
       0
       0
       0
       0
       0
       0
       0
       0
       0
       0
       0
       0
       0
       0
       0
       0
       0
       0
       0
       0
       0
       0
       0
       0
       0
       0
       0
       0
       0
       0
       0
       0
       0
       0
       0
       0
       0
       0
       0
       0
       0
       0
       0
       0
       0
       0
       0
       0
       0
       0
       0
       0
       0
       0
       0
       0
       0
       0
       0
       0
       0
       0
       0
       0
       0
       0
       0
       0
       0
       0
       0
       0
       0
       0
       0
       0
       0
       0
       0
       0
       0
       0
       0
       0
       0
       0
       0
       0
       0
       0
       0
       0
       0
       0
       0
       0
       0
       0
       0
       0
       0
       0
       0
       0
       0
       0
       0
       0
       0
       0
       0
       0
       0
       0
       0
       0
       0
       0
       0
       0
       0
       0
       0
       0
       0
       0
       0
       0
       0
       0
       0
       0
       0
       0
       0
       0
       0
       0
       0
       0
       0
       0
       0
       0
       0
       0
       0
       0
       0
       0
       0
       0
       0
       0
       0
       0
       0
       0
       0
       0
       0
       0
       0
       0
       0
       0
       0
       0
       0
       0
       0
       0
       0
       0
       0
       0
       0
       0
       0
       0
       0
       0
       0
       0
       0
       0
       0
       0
       0
       0
       0
       0
       0
       0
       0
       0
       0
       0
       0
       0
       0
       0
       0
       0
       0
       0
       0
       0
       0
       0
       0
       0
       0
       0
       0
       0
       0
       0
       0
       0
       0
       0
       0
       0
       0
       0
       0
       0
       0
       0
       0
       0
       0
       0
       0
       0
       0
       0
       0
       0
       0
       0
       0
       0
       0
       0
       0
       0
       0
       0
       0
       0
       0
       0
       0
       0
       0
       0
       0
       0
       0
       0
       0
       0
       0
       0
       0
       0
       0
       0
       0
       0
       0
       0
       0
       0
       0
       0
       0
       0
       0
       0
       0
       0
       0
       0
       0
       0
       0
       0
       0
       0
       0
       0
       0
       0
       0
       0
       0
       0
       0
       0
       0
       0
       0
       0
       0
       0
       0
       0
       0
       0
       0
       0
       0
       0
       0
       0
       0
       0
       0
       0
       0
       0
       0
       0
       0
       0
       0
       0
       0
       0
       0
       0
       0
       0
       0
       0
       0
       0
       0
       0
       0
$ROI:
7
803 815
842 854
896 914
931 944
980 993
1296 1317
1587 1590
$PRESETS:
Real Time
14400
0
$ENER_FIT:
-18.576502 6.711768
$MCA_CAL:
3
-1.857650E+001 6.711768E+000 9.444169E-006 KeV
$SHAPE_CAL:
3
-9.428778E-001 9.253461E-003 -3.762110E-006
