$SPEC_ID:
No sample description was entered.
$SPEC_REM:
DET# 1
DETDESC# YESUM2222 MCB 25
AP# Maestro Version 6.06
$DATE_MEA:
06/19/2016 11:52:31
$MEAS_TIM:
484 485
$DATA:
0 2047
       0
       0
       0
       0
       0
       0
       0
       0
       0
       0
       0
       0
       0
       9
     707
    1124
     950
     859
     797
     739
     713
     675
     651
     632
     596
     665
     618
     597
     501
     470
     446
     409
     390
     309
     355
     283
     286
     259
     227
     240
     210
     180
     186
     181
     149
     137
     138
     129
     100
     104
      90
      79
      56
      68
      55
      52
      54
      44
      30
      29
      28
      36
      22
      22
      22
      20
      20
      20
      26
      11
      14
      14
       8
      21
      14
      10
       9
       2
       7
       6
       4
       8
       1
       2
       7
       2
       4
       7
       6
       3
       1
       2
       5
       4
       3
       3
       1
       2
       2
       0
       0
       1
       3
       3
       1
       0
       0
       1
       1
       1
       1
       1
       1
       3
       1
       0
       1
       1
       0
       1
       1
       0
       0
       0
       0
       1
       0
       0
       2
       0
       0
       1
       2
       0
       0
       1
       0
       1
       1
       0
       0
       1
       2
       0
       3
       1
       0
       2
       2
       1
       0
       0
       1
       0
       1
       0
       0
       1
       0
       0
       0
       1
       1
       2
       0
       0
       5
       1
       0
       1
       0
       2
       1
       1
       3
       0
       1
       0
       1
       0
       1
       0
       0
       0
       0
       1
       1
       0
       0
       1
       2
       2
       0
       1
       2
       1
       0
       1
       0
       0
       0
       1
       0
       1
       0
       1
       1
       1
       1
       1
       2
       3
       1
       4
       0
       0
       1
       1
       1
       0
       0
       0
       0
       1
       0
       1
       3
       0
       1
       1
       0
       3
       3
       2
       1
       2
       4
       2
       0
       2
       0
       0
       0
       1
       1
       0
       0
       0
       0
       1
       0
       1
       1
       1
       2
       0
       0
       0
       0
       0
       1
       1
       1
       1
       2
       1
       2
       0
       1
       0
       2
       1
       1
       1
       0
       1
       3
       1
       0
       0
       0
       0
       0
       2
       2
       1
       0
       0
       1
       1
       0
       1
       2
       0
       0
       0
       1
       1
       2
       1
       0
       0
       1
       0
       0
       0
       0
       1
       0
       1
       1
       1
       2
       0
       1
       1
       2
       1
       1
       2
       0
       0
       1
       0
       1
       1
       1
       3
       1
       0
       1
       1
       1
       1
       1
       2
       1
       0
       0
       0
       0
       1
       1
       1
       0
       2
       1
       1
       0
       1
       1
       0
       0
       0
       1
       2
       2
       1
       2
       1
       1
       0
       2
       1
       0
       0
       0
       1
       0
       0
       1
       0
       0
       0
       0
       1
       1
       0
       2
       1
       2
       2
       0
       0
       1
       1
       1
       0
       0
       0
       0
       1
       1
       0
       2
       0
       0
       0
       0
       0
       0
       1
       2
       1
       2
       1
       0
       1
       1
       1
       1
       0
       1
       0
       3
       0
       0
       1
       1
       0
       0
       0
       1
       1
       0
       1
       1
       1
       0
       1
       0
       0
       0
       0
       1
       1
       1
       1
       0
       2
       0
       3
       0
       0
       1
       0
       1
       0
       0
       2
       2
       0
       0
       0
       1
       0
       0
       0
       1
       1
       0
       0
       0
       3
       0
       1
       1
       1
       2
       0
       0
       1
       2
       0
       0
       0
       1
       0
       1
       1
       1
       1
       1
       1
       0
       2
       2
       0
       1
       0
       0
       1
       1
       1
       1
       0
       0
       1
       0
       1
       3
       0
       2
       1
       2
       1
       1
       1
       1
       0
       0
       1
       0
       0
       0
       1
       0
       0
       1
       0
       0
       0
       1
       0
       1
       0
       0
       2
       0
       0
       0
       0
       3
       0
       1
       0
       1
       1
       2
       2
       2
       2
       0
       0
       1
       0
       0
       0
       2
       3
       0
       3
       1
       2
       1
       0
       1
       0
       2
       0
       0
       0
       2
       0
       2
       0
       1
       1
       0
       1
       0
       0
       2
       1
       1
       2
       0
       1
       1
       1
       0
       1
       0
       3
       1
       1
       0
       2
       2
       1
       1
       0
       3
       3
       2
       1
       0
       1
       0
       0
       0
       1
       1
       1
       0
       1
       2
       0
       1
       0
       2
       1
       0
       0
       0
       1
       1
       2
       0
       0
       1
       1
       2
       1
       3
       2
       1
       2
       1
       1
       0
       1
       2
       1
       0
       0
       0
       0
       1
       1
       1
       1
       1
       1
       0
       3
       0
       2
       0
       0
       2
       0
       0
       0
       1
       1
       0
       0
       0
       0
       0
       1
       2
       1
       2
       2
       0
       3
       2
       2
       1
       2
       1
       3
       3
       1
       0
       0
       3
       0
       1
       1
       0
       1
       1
       0
       0
       3
       0
       1
       0
       1
       2
       1
       1
       1
       1
       1
       3
       0
       0
       1
       4
       1
       1
       1
       0
       0
       0
       1
       0
       0
       4
       1
       2
       2
       2
       1
       2
       2
       0
       3
       1
       0
       2
       0
       3
       3
       0
       0
       2
       2
       0
       1
       1
       1
       3
       1
       1
       1
       2
       0
       2
       1
       2
       2
       2
       0
       0
       2
       2
       0
       2
       2
       1
       1
       0
       0
       2
       2
       1
       1
       1
       0
       4
       1
       0
       1
       3
       0
       1
       1
       1
       2
       1
       2
       5
       1
       1
       0
       4
       0
       0
       3
       2
       0
       2
       1
       0
       1
       0
       2
       0
       2
       0
       0
       1
       3
       0
       2
       0
       0
       3
       1
       3
       2
       2
       0
       4
       1
       1
       0
       1
       0
       1
       1
       2
       2
       0
       3
       2
       1
       3
       0
       0
       0
       1
       1
       1
       2
       1
       0
       2
       0
       2
       2
       3
       2
       6
       4
       5
       3
       1
       4
       2
       1
       1
       2
       2
       1
       2
       4
       4
       1
       1
       3
       3
       2
       1
       2
       2
       4
       5
       3
       5
       1
       1
       2
       2
       2
       2
       2
       0
       1
       3
       0
       4
       0
       4
       2
       1
       4
       3
       3
       2
       4
       3
       1
       1
       2
       0
       2
       0
       4
       6
       2
       3
       2
       4
       7
       9
      10
      22
      31
      55
      81
      64
      24
      12
      12
      24
      19
      17
       7
       3
       5
       4
       4
       2
       2
       0
       1
       3
       2
       2
       3
       6
       5
       3
      10
       2
       7
       6
       7
      15
      21
      41
      78
     163
     187
     119
      40
       9
       3
       0
       9
       1
       4
       3
       1
       6
       3
       4
       3
       5
       5
       4
       2
       6
       3
       3
       6
       1
       5
       4
       3
       3
       2
       2
       7
      12
       7
       4
       5
       9
       7
       4
       8
      11
      10
      14
      18
      13
      19
      28
      45
      64
     171
     388
     767
     973
     718
     283
      54
       6
       0
       0
       0
       0
       0
       0
       0
       0
       0
       0
       0
       1
       0
       0
       0
       0
       1
       0
       0
       0
       1
       0
       0
       0
       1
       0
       0
       0
       0
       0
       0
       1
       0
       0
       1
       0
       0
       1
       0
       0
       0
       0
       0
       0
       0
       0
       0
       0
       0
       0
       0
       1
       0
       0
       1
       0
       0
       0
       0
       0
       1
       0
       0
       0
       0
       1
       0
       0
       0
       0
       0
       0
       0
       0
       0
       0
       0
       0
       0
       0
       0
       0
       0
       1
       0
       0
       0
       0
       0
       0
       0
       0
       0
       0
       0
       0
       0
       0
       0
       0
       0
       0
       0
       0
       0
       0
       0
       0
       0
       0
       0
       0
       0
       0
       1
       0
       0
       3
       1
       3
       0
       0
       0
       1
       2
       0
       0
       0
       0
       0
       0
       0
       0
       0
       0
       0
       0
       0
       0
       0
       0
       1
       1
       0
       0
       0
       0
       0
       1
       0
       0
       0
       0
       2
       0
       0
       0
       0
       0
       0
       0
       1
       0
       0
       0
       0
       0
       0
       0
       0
       0
       0
       0
       0
       0
       0
       0
       1
       0
       0
       0
       1
       0
       0
       0
       0
       0
       0
       0
       0
       1
       0
       0
       0
       1
       1
       0
       0
       1
       0
       0
       0
       1
       0
       1
       0
       0
       1
       1
       0
       0
       1
       0
       0
       1
       0
       0
       0
       1
       0
       0
       0
       0
       1
       0
       0
       1
       0
       0
       0
       1
       1
       1
       1
       0
       0
       0
       0
       0
       0
       2
       0
       0
       1
       0
       0
       0
       0
       0
       2
       1
       0
       0
       0
       1
       0
       0
       1
       0
       2
       1
       0
       0
       1
       2
       1
       0
       1
       0
       1
       0
       1
       0
       1
       0
       0
       0
       0
       3
       1
       0
       0
       1
       3
       0
       3
       0
       0
       1
       3
       0
       1
       1
       0
       1
       2
       2
       2
       1
       0
       2
       1
       1
       0
       1
       3
       5
       4
       3
       4
       9
      15
       9
      40
      78
     151
     164
     117
      37
      13
       0
       1
       0
       0
       1
       2
       0
       0
       0
       2
       1
       1
       2
       0
       0
       2
       0
       0
       0
       0
       1
       0
       1
       0
       2
       0
       1
       2
       0
       0
       0
       1
       0
       0
       0
       0
       0
       0
       0
       0
       0
       0
       0
       0
       0
       0
       0
       0
       0
       0
       0
       0
       0
       0
       0
       0
       0
       0
       0
       0
       0
       0
       0
       0
       0
       0
       0
       0
       0
       0
       0
       0
       0
       0
       0
       0
       0
       0
       0
       0
       0
       0
       0
       0
       0
       0
       0
       0
       0
       1
       0
       0
       0
       0
       0
       0
       0
       0
       0
       0
       0
       0
       0
       0
       0
       0
       0
       0
       0
       0
       0
       0
       0
       0
       0
       0
       0
       0
       0
       0
       0
       0
       0
       0
       0
       0
       0
       0
       0
       0
       0
       0
       0
       0
       0
       0
       0
       0
       0
       0
       0
       0
       0
       0
       0
       0
       0
       0
       0
       0
       0
       0
       0
       0
       0
       0
       0
       0
       0
       0
       0
       0
       0
       0
       0
       0
       0
       0
       0
       0
       0
       0
       0
       0
       0
       0
       0
       0
       0
       0
       0
       0
       0
       0
       0
       0
       0
       0
       0
       0
       0
       0
       0
       0
       0
       0
       0
       0
       0
       0
       0
       0
       0
       0
       0
       0
       0
       0
       0
       0
       0
       0
       0
       0
       0
       0
       0
       0
       0
       0
       0
       0
       0
       0
       0
       0
       0
       0
       0
       0
       0
       0
       0
       0
       0
       0
       0
       0
       0
       0
       0
       0
       0
       0
       0
       0
       0
       0
       0
       0
       0
       0
       0
       0
       0
       0
       0
       0
       0
       0
       0
       0
       0
       0
       0
       0
       0
       0
       0
       0
       0
       0
       0
       0
       0
       0
       0
       0
       0
       0
       0
       0
       0
       0
       0
       0
       0
       0
       0
       0
       0
       0
       0
       0
       0
       0
       0
       0
       0
       0
       0
       0
       0
       0
       0
       0
       0
       0
       0
       0
       0
       0
       0
       0
       0
       0
       0
       0
       0
       0
       0
       0
       0
       0
       0
       0
       0
       0
       0
       0
       0
       0
       0
       0
       0
       0
       0
       0
       0
       0
       0
       0
       0
       0
       0
       0
       0
       0
       0
       0
       0
       0
       0
       0
       0
       0
       0
       0
       0
       0
       0
       0
       0
       0
       0
       0
       0
       0
       0
       0
       0
       0
       0
       0
       0
       0
       0
       0
       0
       0
       0
       0
       0
       0
       0
       0
       0
       0
       0
       0
       0
       0
       0
       0
       0
       0
       0
       0
       0
       0
       0
       0
       0
       0
       0
       0
       0
       0
       0
       0
       0
       0
       0
       0
       0
       0
       0
       0
       0
       0
       0
       0
       0
       0
       0
       0
       0
       0
       0
       0
       0
       0
       0
       0
       0
       0
       0
       0
       0
       0
       0
       0
       0
       0
       0
       0
       0
       0
       0
       0
       0
       0
       0
       0
       0
       0
       0
       0
       0
       0
       0
       0
       0
       0
       0
       0
       0
       0
       0
       0
       0
       0
       0
       0
       0
       0
       0
       0
       0
       0
       0
       0
       0
       0
       0
       0
       0
       0
       0
       0
       0
       0
       0
       0
       0
       0
       0
       0
       0
       0
       0
       0
       0
       0
       0
       0
       0
       0
       0
       0
       0
       0
       0
       0
       0
       0
       0
       0
       0
       0
       0
       0
       0
       0
       0
       0
       0
       0
       0
       0
       0
       0
       0
       0
       0
       0
       0
       0
       0
       0
       0
       0
       0
       0
       0
       0
       0
       0
       0
       0
       0
       0
       0
       0
       0
       0
       0
       0
       0
       0
       0
       0
       0
       0
       0
       0
       0
       0
       0
       0
       0
       0
       0
       0
       0
       0
       0
       0
       0
       0
       0
       0
       0
       0
       0
       0
       0
       0
       0
       0
       0
       0
       0
       0
       0
       0
       0
       0
       0
       0
       0
       0
       0
       0
       0
       0
       0
       0
       0
       0
       0
       0
       0
       0
       0
       0
       0
       0
       0
       0
       0
       0
       0
       0
       0
       0
       0
       0
       0
       0
       0
       0
       0
       0
       0
       0
       0
       0
       0
       0
       0
       0
       0
       0
       0
       0
       0
       0
       0
       0
       0
       0
       0
       0
       0
       0
       0
       0
       0
       0
       0
       0
       0
       0
       0
       0
       0
       0
       0
       0
       0
       0
       0
       0
       0
       0
       0
       0
       0
       0
       0
       0
       0
       0
       0
       0
       0
       0
       0
       0
       0
       0
       0
       0
       0
       0
       0
       0
       0
       0
       0
       0
       0
       0
       0
       0
       0
       0
       0
       0
       0
       0
       0
       0
       0
       0
       0
       0
       0
       0
       0
       0
       0
       0
       0
       0
       0
       0
       0
       0
       0
       0
       0
$ROI:
7
803 815
842 854
896 914
931 944
980 993
1296 1317
1587 1590
$PRESETS:
Real Time
14400
0
$ENER_FIT:
-18.576502 6.711768
$MCA_CAL:
3
-1.857650E+001 6.711768E+000 9.444169E-006 KeV
$SHAPE_CAL:
3
-9.428778E-001 9.253461E-003 -3.762110E-006
