$SPEC_ID:
No sample description was entered.
$SPEC_REM:
DET# 1
DETDESC# YESUM2222 MCB 25
AP# Maestro Version 6.06
$DATE_MEA:
06/19/2016 11:52:31
$MEAS_TIM:
615 615
$DATA:
0 2047
       0
       0
       0
       0
       0
       0
       0
       0
       0
       0
       0
       0
       0
       9
     886
    1418
    1171
    1104
    1005
     965
     882
     849
     812
     775
     746
     812
     768
     720
     639
     585
     547
     498
     481
     398
     438
     354
     344
     337
     281
     286
     278
     229
     231
     221
     189
     176
     156
     160
     127
     121
     116
      99
      71
      82
      74
      60
      62
      59
      39
      34
      38
      41
      26
      29
      27
      23
      21
      29
      32
      14
      22
      18
      10
      23
      14
      11
      12
       2
       9
       6
       8
      10
       2
       6
       9
       2
       4
       7
       7
       3
       2
       3
       6
       4
       3
       3
       2
       2
       3
       1
       0
       1
       3
       5
       1
       0
       0
       1
       1
       1
       1
       2
       1
       3
       1
       0
       1
       1
       0
       1
       1
       0
       0
       1
       0
       1
       0
       0
       2
       0
       0
       2
       3
       0
       0
       2
       2
       1
       1
       0
       0
       1
       2
       0
       3
       1
       0
       2
       2
       1
       0
       0
       1
       0
       1
       0
       0
       1
       0
       0
       0
       1
       1
       2
       0
       0
       5
       1
       0
       1
       0
       2
       1
       1
       3
       0
       1
       0
       1
       0
       1
       0
       0
       0
       0
       1
       1
       0
       0
       2
       2
       2
       0
       1
       2
       1
       0
       2
       0
       1
       0
       1
       0
       1
       0
       2
       1
       1
       1
       2
       2
       3
       1
       4
       0
       1
       1
       1
       1
       0
       1
       0
       0
       1
       0
       1
       3
       0
       1
       1
       0
       3
       4
       2
       1
       3
       4
       3
       0
       2
       1
       0
       0
       2
       1
       0
       0
       0
       0
       1
       0
       1
       1
       1
       2
       0
       1
       1
       0
       0
       1
       1
       1
       1
       2
       1
       2
       0
       1
       0
       2
       1
       2
       1
       0
       1
       3
       1
       0
       0
       1
       0
       0
       2
       3
       1
       0
       0
       1
       1
       0
       1
       2
       1
       0
       1
       1
       2
       2
       2
       0
       0
       1
       1
       0
       0
       0
       1
       0
       1
       1
       1
       2
       0
       1
       1
       2
       1
       1
       2
       0
       0
       2
       0
       1
       1
       1
       3
       1
       0
       1
       1
       1
       1
       1
       2
       1
       0
       1
       1
       0
       1
       1
       2
       0
       2
       1
       2
       1
       1
       1
       0
       0
       1
       2
       2
       2
       1
       2
       1
       2
       0
       2
       1
       0
       0
       0
       1
       0
       0
       1
       0
       0
       0
       0
       1
       1
       0
       2
       1
       3
       2
       0
       1
       1
       1
       1
       0
       0
       1
       0
       1
       1
       0
       3
       0
       0
       0
       0
       0
       0
       2
       2
       1
       2
       1
       0
       1
       2
       1
       1
       1
       1
       0
       3
       0
       1
       1
       2
       0
       0
       0
       1
       1
       0
       2
       1
       1
       1
       1
       0
       0
       0
       0
       1
       1
       1
       1
       1
       2
       0
       3
       0
       0
       2
       0
       1
       0
       0
       2
       2
       0
       0
       0
       1
       0
       0
       0
       1
       1
       0
       0
       1
       4
       0
       1
       1
       1
       2
       0
       0
       1
       3
       0
       0
       0
       1
       0
       1
       1
       1
       1
       1
       1
       0
       3
       2
       0
       1
       0
       0
       1
       1
       1
       1
       1
       0
       1
       0
       1
       3
       0
       3
       1
       2
       1
       2
       1
       2
       0
       0
       1
       0
       1
       0
       2
       0
       0
       1
       0
       0
       0
       2
       1
       2
       1
       0
       2
       0
       0
       0
       0
       3
       0
       1
       0
       1
       2
       2
       2
       2
       2
       0
       0
       1
       0
       0
       0
       3
       4
       0
       4
       1
       2
       1
       0
       1
       0
       4
       0
       0
       0
       3
       0
       2
       0
       1
       1
       0
       1
       0
       0
       2
       2
       1
       2
       0
       2
       1
       2
       0
       1
       0
       5
       1
       1
       0
       2
       3
       1
       1
       0
       3
       3
       2
       1
       0
       1
       0
       0
       0
       1
       1
       1
       0
       1
       2
       0
       2
       1
       2
       1
       0
       0
       0
       1
       1
       2
       1
       0
       2
       2
       2
       1
       3
       2
       1
       2
       1
       1
       0
       1
       3
       1
       0
       0
       1
       2
       1
       2
       1
       1
       2
       1
       0
       4
       0
       3
       0
       1
       2
       1
       0
       0
       1
       1
       0
       0
       0
       0
       0
       2
       3
       1
       2
       3
       0
       3
       2
       2
       1
       2
       1
       3
       4
       1
       0
       0
       3
       0
       1
       2
       0
       1
       1
       1
       0
       3
       1
       1
       1
       2
       2
       1
       1
       1
       1
       1
       3
       0
       0
       2
       5
       1
       1
       1
       3
       0
       0
       1
       0
       0
       4
       1
       3
       2
       2
       2
       2
       2
       0
       3
       1
       0
       2
       1
       3
       3
       0
       0
       2
       3
       1
       1
       1
       1
       3
       1
       1
       1
       3
       0
       2
       1
       2
       3
       2
       0
       0
       2
       2
       1
       2
       2
       1
       1
       0
       0
       2
       2
       1
       1
       1
       1
       6
       2
       0
       4
       3
       2
       1
       2
       1
       2
       1
       2
       5
       1
       1
       0
       5
       0
       1
       3
       3
       0
       2
       1
       0
       1
       0
       2
       1
       2
       0
       0
       1
       3
       0
       2
       0
       2
       3
       1
       3
       2
       2
       0
       4
       1
       1
       0
       2
       1
       1
       3
       4
       4
       0
       3
       3
       3
       4
       1
       0
       1
       1
       1
       1
       2
       1
       0
       2
       1
       3
       3
       4
       2
       7
       4
       7
       3
       4
       5
       2
       1
       2
       2
       2
       3
       2
       4
       5
       1
       2
       3
       3
       2
       3
       2
       2
       4
       7
       5
       6
       1
       1
       2
       2
       3
       3
       2
       0
       2
       5
       1
       5
       0
       7
       2
       2
       5
       4
       3
       2
       6
       3
       1
       1
       2
       1
       3
       0
       7
       6
       3
       4
       3
       5
       7
      10
      12
      26
      40
      66
      97
      79
      27
      14
      20
      34
      26
      21
      10
       5
       7
       6
       4
       3
       2
       0
       1
       3
       2
       2
       4
       6
       5
       3
      11
       3
       7
       7
       8
      17
      24
      47
      99
     204
     220
     148
      45
      10
       6
       1
      11
       1
       4
       3
       3
       6
       3
       4
       3
       5
       6
       4
       2
       6
       4
       5
       7
       1
       5
       5
       8
       4
       4
       3
       7
      15
       9
       4
       9
       9
       7
       6
       9
      14
      12
      18
      19
      16
      25
      32
      55
      84
     214
     482
     954
    1218
     885
     335
      65
       7
       0
       0
       0
       0
       0
       0
       0
       0
       0
       0
       0
       1
       0
       0
       0
       0
       1
       0
       0
       0
       2
       0
       0
       0
       1
       0
       0
       0
       1
       0
       0
       1
       0
       0
       1
       0
       0
       1
       0
       0
       0
       0
       0
       0
       0
       0
       0
       0
       0
       0
       0
       1
       0
       0
       1
       0
       0
       0
       0
       0
       1
       0
       0
       0
       0
       1
       0
       0
       0
       0
       0
       0
       0
       0
       0
       0
       0
       0
       0
       0
       0
       0
       0
       1
       1
       0
       0
       0
       0
       0
       0
       0
       0
       0
       0
       0
       0
       0
       0
       0
       0
       0
       0
       0
       0
       0
       0
       0
       0
       0
       0
       0
       0
       0
       1
       0
       0
       3
       1
       4
       0
       0
       0
       1
       2
       0
       0
       0
       0
       1
       0
       0
       0
       0
       0
       1
       0
       0
       0
       0
       0
       1
       1
       0
       0
       0
       0
       0
       1
       0
       0
       0
       0
       2
       0
       0
       0
       0
       0
       0
       0
       1
       0
       0
       0
       0
       0
       0
       0
       0
       0
       0
       0
       0
       0
       0
       0
       1
       0
       0
       0
       1
       0
       0
       0
       1
       0
       0
       0
       0
       1
       0
       0
       0
       1
       1
       0
       0
       1
       0
       0
       0
       1
       1
       1
       0
       0
       1
       1
       0
       0
       1
       1
       0
       1
       0
       0
       0
       1
       0
       0
       0
       0
       1
       0
       1
       1
       0
       0
       0
       1
       1
       1
       1
       0
       0
       0
       0
       0
       0
       2
       0
       1
       1
       0
       0
       0
       0
       0
       2
       1
       0
       1
       0
       1
       0
       0
       1
       0
       2
       1
       0
       0
       1
       2
       2
       0
       1
       0
       1
       0
       1
       0
       2
       0
       0
       0
       0
       3
       1
       0
       1
       1
       3
       2
       3
       1
       2
       1
       3
       1
       1
       1
       1
       2
       2
       3
       2
       1
       1
       2
       1
       1
       0
       1
       3
       5
       4
       5
       5
      10
      16
      16
      44
     103
     198
     204
     146
      52
      16
       0
       1
       1
       0
       2
       3
       0
       0
       0
       2
       1
       1
       3
       0
       0
       2
       0
       0
       0
       0
       1
       0
       1
       0
       2
       0
       1
       2
       0
       0
       0
       1
       0
       0
       0
       0
       0
       0
       0
       0
       0
       0
       0
       0
       0
       0
       0
       0
       0
       0
       0
       0
       0
       0
       0
       0
       0
       0
       0
       0
       0
       0
       0
       0
       0
       0
       0
       0
       0
       0
       0
       0
       0
       0
       0
       0
       0
       0
       0
       0
       0
       0
       0
       0
       0
       0
       0
       0
       0
       1
       0
       0
       0
       0
       0
       0
       0
       0
       0
       0
       0
       0
       0
       0
       0
       0
       0
       0
       0
       0
       0
       0
       0
       0
       0
       0
       0
       0
       0
       0
       0
       0
       0
       0
       0
       0
       0
       0
       0
       0
       0
       0
       0
       0
       0
       0
       0
       0
       0
       0
       0
       0
       0
       0
       0
       0
       0
       0
       0
       0
       0
       0
       0
       0
       0
       0
       0
       0
       0
       0
       0
       0
       0
       0
       0
       0
       0
       0
       0
       0
       0
       0
       0
       0
       0
       0
       0
       0
       0
       0
       0
       0
       0
       0
       0
       0
       0
       0
       0
       0
       0
       0
       0
       0
       0
       0
       0
       0
       0
       0
       0
       0
       0
       0
       0
       0
       0
       0
       0
       0
       0
       0
       0
       0
       0
       0
       0
       0
       0
       0
       0
       0
       0
       0
       0
       0
       0
       0
       0
       0
       0
       0
       0
       0
       0
       0
       0
       0
       0
       0
       0
       0
       0
       0
       0
       0
       0
       0
       0
       0
       0
       0
       0
       0
       0
       0
       0
       0
       0
       0
       0
       0
       0
       0
       0
       0
       0
       0
       0
       0
       0
       0
       0
       0
       0
       0
       0
       0
       0
       0
       0
       0
       0
       0
       0
       0
       0
       0
       0
       0
       0
       0
       0
       0
       0
       0
       0
       0
       0
       0
       0
       0
       0
       0
       0
       0
       0
       0
       0
       0
       0
       0
       0
       0
       0
       0
       0
       0
       0
       0
       0
       0
       0
       0
       0
       0
       0
       0
       0
       0
       0
       0
       0
       0
       0
       0
       0
       0
       0
       0
       0
       0
       0
       0
       0
       0
       0
       0
       0
       0
       0
       0
       0
       0
       0
       0
       0
       0
       0
       0
       0
       0
       0
       0
       0
       0
       0
       0
       0
       0
       0
       0
       0
       0
       0
       0
       0
       0
       0
       0
       0
       0
       0
       0
       0
       0
       0
       0
       0
       0
       0
       0
       0
       0
       0
       0
       0
       0
       0
       0
       0
       0
       0
       0
       0
       0
       0
       0
       0
       0
       0
       0
       0
       0
       0
       0
       0
       0
       0
       0
       0
       0
       0
       0
       0
       0
       0
       0
       0
       0
       0
       0
       0
       0
       0
       0
       0
       0
       0
       0
       0
       0
       0
       0
       0
       0
       0
       0
       0
       0
       0
       0
       0
       0
       0
       0
       0
       0
       0
       0
       0
       0
       0
       0
       0
       0
       0
       0
       0
       0
       0
       0
       0
       0
       0
       0
       0
       0
       0
       0
       0
       0
       0
       0
       0
       0
       0
       0
       0
       0
       0
       0
       0
       0
       0
       0
       0
       0
       0
       0
       0
       0
       0
       0
       0
       0
       0
       0
       0
       0
       0
       0
       0
       0
       0
       0
       0
       0
       0
       0
       0
       0
       0
       0
       0
       0
       0
       0
       0
       0
       0
       0
       0
       0
       0
       0
       0
       0
       0
       0
       0
       0
       0
       0
       0
       0
       0
       0
       0
       0
       0
       0
       0
       0
       0
       0
       0
       0
       0
       0
       0
       0
       0
       0
       0
       0
       0
       0
       0
       0
       0
       0
       0
       0
       0
       0
       0
       0
       0
       0
       0
       0
       0
       0
       0
       0
       0
       0
       0
       0
       0
       0
       0
       0
       0
       0
       0
       0
       0
       0
       0
       0
       0
       0
       0
       0
       0
       0
       0
       0
       0
       0
       0
       0
       0
       0
       0
       0
       0
       0
       0
       0
       0
       0
       0
       0
       0
       0
       0
       0
       0
       0
       0
       0
       0
       0
       0
       0
       0
       0
       0
       0
       0
       0
       0
       0
       0
       0
       0
       0
       0
       0
       0
       0
       0
       0
       0
       0
       0
       0
       0
       0
       0
       0
       0
       0
       0
       0
       0
       0
       0
       0
       0
       0
       0
       0
       0
       0
       0
       0
       0
       0
       0
       0
       0
       0
       0
       0
       0
       0
       0
       0
       0
       0
       0
       0
       0
       0
       0
       0
       0
       0
       0
       0
       0
       0
       0
       0
       0
       0
       0
       0
       0
       0
       0
       0
       0
       0
       0
       0
       0
       0
       0
       0
       0
       0
       0
       0
       0
       0
       0
       0
       0
$ROI:
7
803 815
842 854
896 914
931 944
980 993
1296 1317
1587 1590
$PRESETS:
Real Time
14400
0
$ENER_FIT:
-18.576502 6.711768
$MCA_CAL:
3
-1.857650E+001 6.711768E+000 9.444169E-006 KeV
$SHAPE_CAL:
3
-9.428778E-001 9.253461E-003 -3.762110E-006
