$SPEC_ID:
No sample description was entered.
$SPEC_REM:
DET# 1
DETDESC# YESUM2222 MCB 25
AP# Maestro Version 6.06
$DATE_MEA:
06/19/2016 11:52:31
$MEAS_TIM:
723 723
$DATA:
0 2047
       0
       0
       0
       0
       0
       0
       0
       0
       0
       0
       0
       0
       0
      11
    1046
    1623
    1353
    1287
    1168
    1087
    1019
     970
     953
     902
     876
     949
     905
     829
     747
     670
     632
     585
     557
     462
     501
     405
     413
     397
     344
     338
     319
     265
     266
     261
     210
     207
     178
     187
     144
     144
     131
     113
      84
      89
      86
      69
      74
      70
      44
      39
      47
      48
      32
      33
      34
      28
      26
      32
      35
      15
      27
      21
      12
      25
      16
      12
      14
       2
      10
       9
       8
      11
       2
       7
       9
       3
       5
       7
       8
       5
       2
       4
       6
       5
       3
       3
       2
       2
       3
       1
       0
       1
       3
       5
       1
       0
       0
       1
       1
       1
       1
       2
       1
       3
       1
       1
       1
       1
       0
       1
       3
       0
       0
       1
       0
       1
       0
       0
       3
       0
       0
       2
       3
       0
       0
       3
       2
       1
       1
       0
       0
       1
       2
       0
       3
       1
       0
       2
       2
       1
       0
       0
       1
       0
       1
       0
       0
       1
       0
       0
       0
       1
       1
       2
       1
       0
       5
       3
       0
       1
       0
       2
       1
       1
       3
       1
       1
       0
       1
       0
       1
       0
       0
       1
       0
       1
       2
       0
       0
       2
       3
       2
       0
       1
       2
       1
       0
       2
       0
       1
       0
       1
       0
       1
       0
       2
       2
       1
       1
       2
       2
       3
       1
       4
       0
       1
       1
       1
       1
       0
       2
       0
       0
       1
       0
       1
       3
       0
       1
       1
       0
       3
       4
       3
       1
       4
       4
       3
       0
       2
       1
       0
       0
       3
       1
       0
       0
       0
       0
       1
       0
       1
       2
       1
       2
       0
       1
       1
       0
       0
       1
       1
       1
       1
       2
       1
       2
       1
       1
       0
       2
       1
       2
       1
       0
       1
       3
       2
       0
       1
       1
       1
       0
       2
       4
       1
       0
       0
       1
       1
       0
       2
       3
       1
       0
       1
       1
       2
       2
       2
       0
       0
       1
       1
       0
       0
       0
       1
       0
       1
       1
       1
       2
       0
       1
       1
       2
       1
       1
       3
       0
       0
       2
       0
       1
       1
       1
       3
       1
       0
       1
       1
       1
       1
       1
       2
       2
       0
       1
       1
       0
       1
       2
       2
       0
       2
       1
       2
       1
       1
       1
       0
       0
       1
       2
       2
       2
       1
       2
       1
       2
       0
       2
       1
       0
       0
       2
       1
       0
       0
       1
       1
       0
       0
       1
       1
       1
       0
       2
       1
       3
       2
       0
       2
       2
       1
       1
       0
       1
       1
       0
       2
       1
       0
       4
       0
       0
       0
       0
       0
       1
       2
       3
       1
       2
       2
       0
       1
       2
       1
       1
       1
       1
       0
       3
       0
       1
       1
       2
       0
       0
       0
       1
       2
       0
       2
       1
       1
       1
       1
       1
       0
       0
       0
       1
       1
       1
       1
       1
       3
       0
       3
       0
       0
       2
       2
       1
       0
       0
       3
       3
       1
       0
       1
       1
       0
       0
       0
       1
       1
       0
       0
       1
       4
       0
       1
       1
       1
       2
       0
       1
       3
       4
       0
       0
       0
       1
       0
       1
       1
       1
       1
       1
       1
       0
       3
       3
       0
       1
       0
       0
       1
       1
       1
       1
       1
       0
       1
       0
       1
       3
       0
       3
       1
       2
       1
       2
       2
       2
       0
       0
       1
       0
       1
       0
       2
       0
       0
       1
       0
       0
       0
       2
       1
       2
       1
       0
       3
       0
       0
       0
       0
       3
       1
       1
       0
       1
       2
       2
       2
       2
       2
       0
       0
       1
       0
       0
       0
       3
       4
       0
       4
       1
       2
       1
       0
       2
       1
       4
       0
       0
       0
       3
       0
       2
       0
       1
       1
       0
       1
       1
       0
       3
       2
       1
       2
       1
       3
       2
       2
       0
       1
       0
       5
       2
       1
       0
       2
       4
       1
       1
       0
       3
       4
       4
       1
       0
       1
       0
       0
       0
       1
       1
       1
       0
       1
       2
       0
       2
       1
       2
       1
       0
       0
       0
       1
       1
       2
       1
       0
       2
       2
       2
       2
       3
       2
       1
       2
       1
       1
       1
       1
       4
       1
       0
       0
       2
       2
       1
       2
       2
       1
       2
       1
       0
       4
       0
       3
       0
       1
       2
       1
       0
       0
       1
       1
       1
       1
       0
       0
       0
       2
       3
       1
       2
       3
       0
       4
       2
       2
       1
       2
       1
       3
       4
       1
       0
       0
       3
       0
       1
       3
       0
       1
       1
       1
       0
       5
       1
       1
       1
       2
       2
       1
       1
       1
       1
       1
       3
       1
       0
       3
       5
       2
       1
       1
       3
       0
       1
       1
       0
       0
       5
       3
       4
       2
       2
       2
       3
       2
       0
       4
       1
       0
       3
       1
       3
       3
       1
       1
       2
       3
       1
       3
       1
       1
       3
       1
       1
       1
       4
       0
       3
       1
       3
       4
       2
       0
       0
       2
       2
       1
       4
       2
       1
       1
       0
       1
       2
       2
       2
       1
       1
       1
       6
       2
       0
       6
       3
       3
       1
       2
       1
       2
       1
       2
       5
       1
       1
       0
       5
       0
       1
       3
       4
       2
       3
       1
       0
       1
       1
       2
       1
       2
       1
       0
       2
       3
       0
       2
       1
       3
       3
       1
       3
       2
       3
       0
       4
       2
       2
       0
       3
       1
       1
       3
       4
       4
       0
       3
       5
       3
       4
       1
       1
       1
       2
       1
       1
       3
       1
       1
       2
       2
       3
       5
       5
       2
       8
       4
       9
       3
       4
       5
       2
       3
       2
       4
       2
       4
       3
       5
       5
       2
       2
       3
       4
       2
       3
       3
       2
       4
       9
       6
       6
       1
       2
       5
       2
       3
       5
       2
       1
       2
       5
       1
       6
       0
       7
       2
       3
       5
       5
       4
       2
       6
       3
       1
       2
       2
       1
       3
       0
       7
      10
       3
       5
       4
       5
       7
      11
      14
      28
      51
      77
     114
      93
      33
      17
      28
      37
      31
      24
      14
       5
       7
       6
       5
       4
       4
       1
       3
       4
       2
       2
       5
       7
       5
       4
      12
       3
       8
       8
       9
      17
      29
      55
     119
     242
     249
     173
      49
      12
       6
       4
      11
       2
       4
       4
       3
       7
       3
       4
       4
       5
       6
       4
       2
       7
       4
       6
       7
       1
       7
       5
      10
       4
       6
       3
       9
      15
       9
       6
      10
       9
      10
       7
      11
      14
      14
      19
      21
      18
      30
      43
      59
      97
     240
     557
    1106
    1383
    1022
     393
      76
      10
       0
       0
       0
       0
       0
       0
       0
       0
       0
       0
       0
       2
       0
       1
       1
       0
       1
       0
       0
       1
       2
       0
       0
       0
       1
       0
       0
       0
       1
       0
       0
       1
       0
       0
       1
       0
       0
       1
       0
       0
       0
       0
       0
       0
       0
       0
       0
       0
       0
       0
       0
       1
       0
       1
       1
       0
       0
       0
       0
       0
       1
       0
       1
       0
       0
       1
       0
       0
       0
       0
       0
       0
       0
       0
       0
       0
       0
       0
       0
       1
       0
       0
       0
       1
       1
       0
       0
       0
       0
       0
       1
       0
       0
       0
       0
       0
       0
       1
       0
       0
       0
       0
       0
       0
       0
       0
       0
       0
       0
       0
       0
       0
       0
       0
       1
       0
       1
       4
       1
       4
       0
       0
       0
       1
       2
       0
       0
       0
       0
       1
       0
       0
       0
       0
       0
       1
       0
       0
       0
       0
       0
       1
       1
       0
       0
       0
       0
       0
       1
       0
       0
       0
       0
       3
       0
       0
       0
       0
       0
       0
       0
       1
       0
       0
       0
       0
       0
       0
       0
       0
       0
       0
       0
       0
       0
       0
       1
       1
       0
       0
       0
       1
       0
       0
       0
       2
       0
       0
       0
       0
       1
       0
       0
       1
       1
       1
       0
       0
       1
       0
       0
       0
       1
       1
       1
       0
       0
       1
       1
       0
       0
       1
       1
       0
       1
       0
       0
       0
       1
       1
       0
       0
       0
       2
       0
       1
       1
       0
       0
       0
       2
       1
       2
       1
       0
       0
       1
       0
       0
       0
       2
       0
       1
       1
       0
       0
       0
       0
       0
       2
       1
       0
       1
       0
       1
       0
       0
       1
       0
       2
       1
       0
       0
       2
       2
       2
       0
       1
       0
       1
       0
       1
       0
       2
       0
       0
       1
       1
       4
       1
       0
       2
       1
       3
       2
       4
       1
       2
       1
       3
       1
       1
       1
       1
       2
       2
       3
       2
       1
       2
       2
       2
       1
       0
       1
       3
       6
       4
       6
       6
      10
      17
      20
      53
     139
     221
     241
     179
      61
      19
       1
       1
       2
       0
       3
       3
       0
       1
       1
       2
       1
       2
       4
       0
       1
       2
       0
       0
       0
       0
       1
       0
       1
       0
       2
       0
       1
       2
       0
       0
       0
       1
       0
       0
       0
       0
       0
       0
       0
       0
       0
       0
       0
       0
       0
       0
       0
       0
       0
       0
       0
       0
       0
       0
       0
       0
       0
       0
       0
       0
       0
       0
       0
       0
       0
       0
       0
       0
       0
       0
       0
       0
       0
       0
       0
       0
       0
       0
       0
       0
       0
       0
       0
       0
       0
       0
       0
       0
       0
       1
       0
       0
       0
       0
       0
       0
       0
       0
       0
       0
       0
       0
       0
       0
       0
       0
       0
       0
       0
       0
       0
       0
       0
       0
       0
       0
       0
       0
       0
       0
       0
       0
       0
       0
       0
       0
       0
       0
       0
       0
       0
       0
       0
       0
       0
       0
       0
       0
       0
       0
       0
       0
       0
       0
       0
       0
       0
       0
       0
       0
       0
       0
       0
       0
       0
       0
       0
       0
       0
       0
       0
       0
       0
       0
       0
       0
       0
       0
       0
       0
       0
       0
       0
       0
       0
       0
       0
       0
       0
       0
       0
       0
       0
       0
       0
       0
       0
       0
       0
       0
       0
       0
       0
       0
       0
       0
       0
       0
       0
       0
       0
       0
       0
       0
       0
       0
       0
       0
       0
       0
       0
       0
       0
       0
       0
       0
       0
       0
       0
       0
       0
       0
       0
       0
       0
       0
       0
       0
       0
       0
       0
       0
       0
       0
       0
       0
       0
       0
       0
       0
       0
       0
       0
       0
       0
       0
       0
       0
       0
       0
       0
       0
       0
       0
       0
       0
       0
       0
       0
       0
       0
       0
       0
       0
       0
       0
       0
       0
       0
       0
       0
       0
       0
       0
       0
       0
       0
       0
       0
       0
       0
       0
       0
       0
       0
       0
       0
       0
       0
       0
       0
       0
       0
       0
       0
       0
       0
       0
       0
       0
       0
       0
       0
       0
       0
       0
       0
       0
       0
       0
       0
       0
       0
       0
       0
       0
       0
       0
       0
       0
       0
       0
       0
       0
       0
       0
       0
       0
       0
       0
       0
       0
       0
       0
       0
       0
       0
       0
       0
       0
       0
       0
       0
       0
       0
       0
       0
       0
       0
       0
       0
       0
       0
       0
       0
       0
       0
       0
       0
       0
       0
       0
       0
       0
       0
       0
       0
       0
       0
       0
       0
       0
       0
       0
       0
       0
       0
       0
       0
       0
       0
       0
       0
       0
       0
       0
       0
       0
       0
       0
       0
       0
       0
       0
       0
       0
       0
       0
       0
       0
       0
       0
       0
       0
       0
       0
       0
       0
       0
       0
       0
       0
       0
       0
       0
       0
       0
       0
       0
       0
       0
       0
       0
       0
       0
       0
       0
       0
       0
       0
       0
       0
       0
       0
       0
       0
       0
       0
       0
       0
       0
       0
       0
       0
       0
       0
       0
       0
       0
       0
       0
       0
       0
       0
       0
       0
       0
       0
       0
       0
       0
       0
       0
       0
       0
       0
       0
       0
       0
       0
       0
       0
       0
       0
       0
       0
       0
       0
       0
       0
       0
       0
       0
       0
       0
       0
       0
       0
       0
       0
       0
       0
       0
       0
       0
       0
       0
       0
       0
       0
       0
       0
       0
       0
       0
       0
       0
       0
       0
       0
       0
       0
       0
       0
       0
       0
       0
       0
       0
       0
       0
       0
       0
       0
       0
       0
       0
       0
       0
       0
       0
       0
       0
       0
       0
       0
       0
       0
       0
       0
       0
       0
       0
       0
       0
       0
       0
       0
       0
       0
       0
       0
       0
       0
       0
       0
       0
       0
       0
       0
       0
       0
       0
       0
       0
       0
       0
       0
       0
       0
       0
       0
       0
       0
       0
       0
       0
       0
       0
       0
       0
       0
       0
       0
       0
       0
       0
       0
       0
       0
       0
       0
       0
       0
       0
       0
       0
       0
       0
       0
       0
       0
       0
       0
       0
       0
       0
       0
       0
       0
       0
       0
       0
       0
       0
       0
       0
       0
       0
       0
       0
       0
       0
       0
       0
       0
       0
       0
       0
       0
       0
       0
       0
       0
       0
       0
       0
       0
       0
       0
       0
       0
       0
       0
       0
       0
       0
       0
       0
       0
       0
       0
       0
       0
       0
       0
       0
       0
       0
       0
       0
       0
       0
       0
       0
       0
       0
       0
       0
       0
       0
       0
       0
       0
       0
       0
       0
       0
       0
       0
       0
       0
       0
       0
       0
       0
       0
       0
       0
       0
       0
       0
       0
       0
       0
       0
       0
       0
       0
       0
       0
       0
       0
       0
       0
       0
       0
       0
       0
       0
       0
       0
       0
       0
       0
       0
       0
       0
       0
       0
       0
       0
       0
       0
       0
       0
       0
       0
       0
       0
       0
       0
       0
$ROI:
7
803 815
842 854
896 914
931 944
980 993
1296 1317
1587 1590
$PRESETS:
Real Time
14400
0
$ENER_FIT:
-18.576502 6.711768
$MCA_CAL:
3
-1.857650E+001 6.711768E+000 9.444169E-006 KeV
$SHAPE_CAL:
3
-9.428778E-001 9.253461E-003 -3.762110E-006
