$SPEC_ID:
No sample description was entered.
$SPEC_REM:
DET# 1
DETDESC# YESUM2222 MCB 25
AP# Maestro Version 6.06
$DATE_MEA:
06/19/2016 11:52:31
$MEAS_TIM:
846 846
$DATA:
0 2047
       0
       0
       0
       0
       0
       0
       0
       0
       0
       0
       0
       0
       0
      11
    1197
    1853
    1558
    1465
    1331
    1254
    1168
    1125
    1085
    1029
    1024
    1100
    1060
     954
     847
     785
     720
     681
     632
     550
     563
     469
     473
     458
     403
     381
     351
     300
     308
     295
     243
     239
     210
     208
     167
     162
     161
     133
     106
     108
     104
      86
      92
      80
      54
      47
      60
      55
      37
      39
      40
      31
      32
      34
      39
      19
      32
      23
      15
      28
      18
      17
      17
       6
      15
      11
      10
      11
       2
       7
      10
       3
       6
       7
       8
       5
       4
       4
       6
       7
       5
       3
       2
       3
       3
       1
       0
       2
       3
       6
       2
       0
       0
       1
       1
       1
       1
       2
       1
       3
       1
       1
       1
       1
       0
       2
       3
       0
       1
       1
       0
       1
       0
       0
       3
       0
       0
       2
       3
       0
       0
       3
       2
       1
       1
       0
       0
       2
       2
       0
       3
       1
       0
       2
       2
       1
       0
       0
       1
       0
       1
       0
       0
       1
       2
       0
       0
       1
       1
       3
       1
       0
       6
       3
       0
       1
       0
       2
       1
       1
       3
       1
       1
       0
       1
       0
       1
       0
       0
       1
       0
       1
       2
       0
       0
       2
       3
       2
       0
       2
       2
       1
       0
       3
       0
       1
       0
       1
       1
       1
       0
       2
       2
       1
       1
       2
       2
       3
       1
       4
       0
       1
       1
       1
       1
       0
       2
       0
       0
       1
       0
       1
       3
       0
       1
       1
       0
       3
       4
       3
       1
       4
       4
       3
       0
       2
       1
       0
       0
       3
       2
       0
       0
       0
       0
       1
       0
       1
       2
       1
       2
       0
       1
       1
       1
       0
       1
       1
       1
       1
       2
       1
       2
       2
       1
       1
       2
       1
       2
       1
       1
       1
       3
       3
       0
       1
       2
       1
       0
       2
       5
       1
       0
       0
       1
       1
       0
       2
       3
       1
       0
       1
       1
       2
       2
       4
       0
       0
       2
       1
       0
       0
       1
       1
       0
       1
       1
       1
       2
       0
       1
       1
       2
       1
       1
       3
       0
       0
       3
       0
       1
       1
       1
       3
       1
       0
       1
       1
       1
       1
       1
       2
       2
       0
       1
       1
       0
       1
       2
       3
       0
       3
       1
       2
       1
       1
       1
       0
       1
       1
       2
       2
       2
       1
       3
       1
       2
       1
       2
       1
       0
       0
       2
       1
       0
       1
       2
       1
       0
       0
       1
       1
       1
       0
       2
       1
       3
       2
       0
       3
       2
       1
       1
       0
       1
       2
       0
       2
       1
       0
       4
       0
       0
       0
       0
       1
       1
       2
       3
       2
       2
       2
       0
       1
       2
       1
       1
       1
       1
       1
       3
       1
       1
       1
       2
       0
       0
       0
       1
       2
       0
       2
       1
       1
       1
       2
       1
       0
       0
       1
       1
       1
       1
       1
       1
       3
       0
       4
       0
       0
       2
       3
       1
       0
       0
       3
       3
       1
       0
       1
       1
       0
       0
       0
       1
       1
       0
       1
       1
       4
       0
       1
       2
       1
       2
       0
       1
       3
       4
       1
       0
       0
       1
       1
       2
       1
       1
       1
       2
       2
       0
       3
       3
       0
       1
       0
       0
       1
       1
       2
       1
       1
       0
       1
       0
       1
       3
       1
       3
       1
       2
       1
       3
       2
       3
       0
       0
       1
       0
       2
       1
       2
       0
       1
       1
       1
       0
       0
       2
       1
       3
       1
       0
       3
       1
       0
       0
       1
       3
       1
       1
       0
       1
       2
       2
       2
       2
       2
       2
       0
       1
       0
       0
       0
       4
       4
       1
       4
       1
       2
       1
       0
       3
       1
       4
       0
       0
       0
       3
       0
       3
       0
       1
       1
       0
       1
       1
       0
       3
       2
       1
       2
       1
       3
       2
       3
       0
       1
       0
       6
       3
       1
       1
       2
       4
       1
       1
       0
       4
       4
       4
       2
       0
       1
       0
       0
       1
       1
       2
       1
       0
       2
       2
       0
       2
       1
       2
       1
       0
       0
       0
       1
       1
       2
       1
       0
       2
       2
       2
       2
       3
       2
       2
       3
       1
       1
       1
       1
       4
       1
       0
       0
       3
       2
       2
       2
       2
       1
       3
       1
       0
       4
       0
       3
       0
       1
       2
       1
       1
       0
       1
       1
       1
       1
       1
       0
       0
       3
       3
       1
       2
       3
       0
       4
       2
       2
       2
       2
       3
       6
       4
       2
       0
       1
       3
       0
       2
       3
       0
       1
       1
       1
       0
       6
       1
       1
       1
       2
       2
       1
       1
       1
       1
       1
       3
       1
       0
       3
       5
       2
       1
       1
       3
       0
       1
       1
       0
       0
       5
       4
       4
       2
       2
       3
       3
       2
       0
       5
       1
       0
       3
       1
       3
       3
       1
       1
       2
       4
       1
       3
       2
       2
       4
       1
       1
       1
       4
       0
       3
       1
       4
       4
       2
       1
       1
       2
       2
       1
       4
       2
       1
       1
       0
       1
       4
       2
       2
       1
       1
       1
       6
       4
       1
       6
       3
       3
       1
       3
       1
       2
       1
       2
       5
       1
       2
       1
       5
       0
       1
       3
       4
       3
       4
       1
       0
       1
       1
       3
       2
       2
       1
       1
       2
       4
       0
       2
       4
       3
       4
       3
       3
       2
       5
       0
       4
       2
       2
       0
       4
       1
       2
       3
       4
       4
       0
       3
       5
       3
       5
       1
       1
       2
       2
       1
       1
       3
       1
       2
       3
       3
       4
       5
       5
       2
       8
       4
       9
       5
       4
       5
       2
       5
       4
       4
       4
       6
       3
       7
       5
       3
       2
       4
       4
       3
       4
       3
       3
       4
       9
       6
       6
       1
       3
       5
       2
       3
       5
       4
       1
       2
       8
       1
       7
       1
       8
       2
       3
       5
       6
       4
       2
       7
       3
       1
       2
       2
       2
       4
       0
       7
      10
       4
       6
       6
       8
       8
      13
      20
      33
      61
      93
     138
     105
      35
      18
      32
      43
      37
      26
      16
       6
       8
       7
       5
       4
       5
       2
       4
       6
       4
       4
       6
       7
       8
       5
      15
       4
       8
      10
      12
      18
      33
      64
     136
     286
     283
     200
      66
      14
       6
       4
      12
       2
       4
       4
       4
       7
       3
       4
       4
       5
       7
       5
       4
       9
       5
       7
      10
       1
       7
       6
      10
       4
       7
       5
      13
      16
      12
       6
      11
      10
      12
      10
      14
      20
      17
      25
      23
      23
      35
      47
      73
     107
     276
     638
    1284
    1591
    1164
     454
      85
      10
       0
       0
       0
       0
       0
       0
       0
       0
       0
       0
       0
       2
       0
       1
       1
       0
       3
       0
       0
       1
       2
       0
       0
       0
       1
       0
       0
       0
       1
       0
       0
       1
       0
       0
       1
       0
       0
       2
       0
       0
       0
       0
       0
       0
       0
       0
       0
       0
       0
       0
       0
       1
       0
       1
       1
       0
       0
       0
       0
       1
       1
       0
       1
       0
       0
       1
       0
       0
       0
       0
       0
       0
       0
       0
       1
       0
       0
       0
       0
       1
       0
       1
       0
       1
       1
       0
       0
       0
       1
       0
       1
       0
       0
       0
       0
       0
       0
       1
       0
       0
       0
       0
       0
       0
       0
       0
       0
       0
       1
       0
       0
       0
       0
       0
       1
       0
       1
       6
       2
       4
       0
       0
       1
       1
       2
       0
       0
       0
       0
       1
       0
       0
       0
       0
       0
       1
       0
       0
       0
       0
       0
       1
       1
       0
       1
       0
       0
       0
       1
       0
       0
       0
       0
       4
       0
       0
       0
       0
       0
       0
       0
       1
       0
       0
       0
       0
       0
       0
       0
       0
       0
       0
       0
       0
       0
       0
       1
       1
       0
       0
       0
       1
       0
       0
       0
       2
       0
       0
       1
       0
       2
       0
       0
       2
       2
       1
       0
       0
       1
       1
       0
       0
       1
       1
       1
       0
       0
       1
       1
       0
       1
       1
       1
       0
       1
       0
       0
       0
       1
       1
       0
       1
       1
       2
       0
       2
       1
       0
       0
       0
       2
       1
       2
       1
       0
       0
       1
       0
       0
       0
       2
       0
       2
       1
       0
       0
       0
       0
       0
       2
       1
       0
       1
       0
       1
       0
       0
       1
       0
       2
       1
       0
       0
       3
       2
       2
       0
       1
       0
       1
       0
       1
       0
       2
       0
       0
       1
       1
       4
       1
       0
       2
       1
       4
       2
       4
       1
       2
       1
       3
       1
       1
       1
       1
       2
       2
       3
       2
       1
       2
       2
       2
       2
       0
       3
       3
       6
       5
       7
       7
      11
      19
      26
      63
     151
     260
     291
     208
      71
      20
       3
       2
       4
       1
       3
       3
       0
       1
       1
       2
       1
       2
       4
       0
       1
       3
       1
       1
       0
       0
       1
       0
       1
       0
       2
       0
       1
       2
       0
       0
       0
       3
       0
       0
       0
       0
       0
       0
       0
       0
       0
       0
       0
       0
       0
       0
       0
       0
       1
       0
       0
       0
       0
       0
       0
       0
       0
       0
       0
       0
       0
       1
       0
       0
       0
       0
       0
       0
       0
       0
       0
       0
       0
       0
       0
       0
       0
       0
       0
       0
       0
       0
       0
       0
       0
       0
       0
       0
       0
       1
       0
       0
       0
       0
       0
       0
       0
       0
       0
       0
       0
       0
       0
       0
       0
       0
       0
       0
       0
       0
       0
       0
       0
       0
       0
       0
       0
       0
       0
       0
       0
       0
       0
       0
       0
       0
       0
       0
       0
       0
       0
       0
       0
       0
       0
       0
       0
       0
       0
       0
       0
       0
       0
       0
       0
       0
       0
       0
       0
       0
       0
       0
       0
       0
       0
       0
       0
       0
       0
       0
       0
       0
       0
       0
       0
       0
       0
       0
       0
       0
       0
       0
       0
       0
       0
       0
       0
       0
       0
       0
       0
       0
       0
       0
       0
       0
       0
       0
       0
       0
       0
       0
       0
       0
       0
       0
       0
       0
       0
       0
       0
       0
       0
       0
       0
       0
       0
       0
       0
       0
       0
       0
       0
       0
       0
       0
       0
       0
       0
       0
       0
       0
       0
       0
       0
       0
       0
       0
       0
       0
       0
       0
       0
       0
       0
       0
       0
       0
       0
       0
       0
       0
       0
       0
       0
       0
       0
       0
       0
       0
       0
       0
       0
       0
       0
       0
       0
       0
       0
       0
       0
       0
       0
       0
       0
       0
       0
       0
       0
       0
       0
       0
       0
       0
       0
       0
       0
       0
       0
       0
       0
       0
       0
       0
       0
       0
       0
       0
       0
       0
       0
       0
       0
       0
       0
       0
       0
       0
       0
       0
       0
       0
       0
       0
       0
       0
       0
       0
       0
       0
       0
       0
       0
       0
       0
       0
       0
       0
       0
       0
       0
       0
       0
       0
       0
       0
       0
       0
       0
       0
       0
       0
       0
       0
       0
       0
       0
       0
       0
       0
       0
       0
       0
       0
       0
       0
       0
       0
       0
       0
       0
       0
       0
       0
       0
       0
       0
       0
       0
       0
       0
       0
       0
       0
       0
       0
       0
       0
       0
       0
       0
       0
       0
       0
       0
       0
       0
       0
       0
       0
       0
       0
       0
       0
       0
       0
       0
       0
       0
       0
       0
       0
       0
       0
       0
       0
       0
       0
       0
       0
       0
       0
       0
       0
       0
       0
       0
       0
       0
       0
       0
       0
       0
       0
       0
       0
       0
       0
       0
       0
       0
       0
       0
       0
       0
       0
       0
       0
       0
       0
       0
       0
       0
       0
       0
       0
       0
       0
       0
       0
       0
       0
       0
       0
       0
       0
       0
       0
       0
       0
       0
       0
       0
       0
       0
       0
       0
       0
       0
       0
       0
       0
       0
       0
       0
       0
       0
       0
       0
       0
       0
       0
       0
       0
       0
       0
       0
       0
       0
       0
       0
       0
       0
       0
       0
       0
       0
       0
       0
       0
       0
       0
       0
       0
       0
       0
       0
       0
       0
       0
       0
       0
       0
       0
       0
       0
       0
       0
       0
       0
       0
       0
       0
       0
       0
       0
       0
       0
       0
       0
       0
       0
       0
       0
       0
       0
       0
       0
       0
       0
       0
       0
       0
       0
       0
       0
       0
       0
       0
       0
       0
       0
       0
       0
       0
       0
       0
       0
       0
       0
       0
       0
       0
       0
       0
       0
       0
       0
       0
       0
       0
       0
       0
       0
       0
       0
       0
       0
       0
       0
       0
       0
       0
       0
       0
       0
       0
       0
       0
       0
       0
       0
       0
       0
       0
       0
       0
       0
       0
       0
       0
       0
       0
       0
       0
       0
       0
       0
       0
       0
       0
       0
       0
       0
       0
       0
       0
       0
       0
       0
       0
       0
       0
       0
       0
       0
       0
       0
       0
       0
       0
       0
       0
       0
       0
       0
       0
       0
       0
       0
       0
       0
       0
       0
       0
       0
       0
       0
       0
       0
       0
       0
       0
       0
       0
       0
       0
       0
       0
       0
       0
       0
       0
       0
       0
       0
       0
       0
       0
       0
       0
       0
       0
       0
       0
       0
       0
       0
       0
       0
       0
       0
       0
       0
       0
       0
       0
       0
       0
       0
       0
       0
       0
       0
       0
       0
       0
       0
       0
       0
       0
       0
       0
       0
       0
       0
       0
       0
       0
       0
       0
       0
       0
       0
       0
       0
       0
       0
       0
       0
       0
       0
       0
       0
       0
       0
       0
       0
       0
       0
       0
       0
       0
       0
       0
       0
       0
       0
       0
       0
       0
       0
       0
$ROI:
7
803 815
842 854
896 914
931 944
980 993
1296 1317
1587 1590
$PRESETS:
Real Time
14400
0
$ENER_FIT:
-18.576502 6.711768
$MCA_CAL:
3
-1.857650E+001 6.711768E+000 9.444169E-006 KeV
$SHAPE_CAL:
3
-9.428778E-001 9.253461E-003 -3.762110E-006
