$SPEC_ID:
No sample description was entered.
$SPEC_REM:
DET# 1
DETDESC# YESUM2222 MCB 25
AP# Maestro Version 6.06
$DATE_MEA:
06/19/2016 11:52:31
$MEAS_TIM:
984 984
$DATA:
0 2047
       0
       0
       0
       0
       0
       0
       0
       0
       0
       0
       0
       0
       0
      12
    1387
    2091
    1801
    1710
    1505
    1445
    1344
    1287
    1224
    1182
    1191
    1223
    1207
    1092
     968
     912
     814
     779
     731
     619
     634
     541
     537
     519
     461
     430
     385
     348
     342
     337
     266
     269
     239
     240
     189
     186
     186
     148
     128
     131
     114
      98
     106
      92
      69
      58
      66
      62
      43
      43
      48
      33
      32
      39
      43
      22
      36
      25
      18
      30
      18
      18
      19
       9
      17
      13
      11
      13
       4
       7
      12
       3
       7
       8
       8
       6
       5
       4
       6
       9
       5
       3
       4
       3
       3
       1
       1
       3
       3
       7
       2
       0
       0
       1
       2
       1
       2
       2
       1
       3
       2
       1
       1
       1
       1
       2
       4
       0
       1
       1
       0
       1
       0
       0
       3
       1
       0
       2
       3
       0
       0
       3
       2
       1
       1
       0
       0
       2
       2
       0
       4
       1
       0
       2
       2
       1
       1
       1
       2
       1
       1
       0
       0
       1
       2
       0
       0
       2
       1
       3
       1
       0
       6
       3
       0
       2
       0
       2
       1
       1
       3
       1
       1
       0
       1
       0
       1
       1
       0
       1
       0
       1
       3
       1
       1
       2
       3
       2
       0
       3
       2
       1
       0
       3
       0
       1
       0
       1
       1
       1
       0
       2
       2
       1
       1
       2
       3
       3
       1
       4
       0
       1
       1
       1
       1
       0
       2
       0
       1
       1
       0
       1
       3
       0
       1
       3
       0
       3
       4
       3
       2
       4
       4
       3
       1
       2
       1
       0
       0
       3
       2
       0
       0
       0
       0
       1
       0
       1
       2
       2
       2
       0
       1
       1
       1
       0
       1
       1
       1
       1
       2
       1
       2
       2
       2
       2
       2
       1
       2
       1
       2
       1
       3
       4
       0
       1
       2
       1
       1
       2
       6
       1
       1
       0
       1
       1
       0
       2
       3
       2
       0
       1
       1
       3
       4
       4
       0
       1
       2
       1
       1
       0
       1
       2
       0
       1
       1
       1
       2
       0
       1
       1
       2
       1
       1
       4
       1
       0
       3
       0
       1
       1
       1
       3
       2
       0
       1
       1
       1
       1
       1
       2
       4
       0
       1
       2
       0
       1
       2
       3
       1
       3
       1
       2
       1
       1
       1
       0
       1
       1
       3
       3
       2
       1
       3
       1
       3
       2
       2
       2
       0
       0
       2
       1
       0
       1
       2
       2
       0
       0
       1
       1
       2
       0
       2
       1
       3
       2
       0
       3
       2
       2
       1
       0
       1
       2
       0
       2
       2
       0
       4
       0
       0
       0
       0
       1
       1
       2
       3
       2
       2
       3
       0
       1
       2
       1
       1
       1
       1
       1
       3
       1
       1
       1
       3
       0
       0
       0
       1
       2
       0
       3
       1
       2
       1
       2
       1
       0
       0
       1
       1
       1
       1
       1
       1
       3
       0
       4
       0
       0
       2
       3
       1
       0
       0
       3
       3
       1
       0
       1
       1
       0
       0
       0
       1
       1
       1
       1
       1
       5
       0
       1
       3
       1
       2
       0
       1
       3
       4
       1
       0
       0
       1
       1
       2
       2
       1
       1
       2
       2
       0
       3
       3
       1
       1
       0
       0
       1
       1
       2
       1
       1
       0
       2
       1
       2
       4
       1
       3
       1
       2
       1
       3
       2
       3
       0
       1
       1
       0
       2
       1
       2
       1
       1
       1
       1
       0
       0
       2
       2
       3
       2
       0
       3
       1
       0
       0
       2
       3
       1
       1
       0
       1
       2
       2
       2
       2
       2
       2
       0
       1
       1
       0
       0
       4
       4
       1
       4
       1
       2
       3
       0
       3
       1
       5
       0
       0
       0
       3
       0
       3
       0
       1
       1
       0
       1
       1
       0
       3
       2
       1
       2
       1
       3
       2
       3
       0
       1
       0
       6
       3
       2
       2
       3
       4
       2
       1
       0
       4
       4
       4
       2
       0
       1
       0
       0
       1
       2
       2
       1
       0
       2
       2
       0
       2
       1
       2
       1
       0
       0
       0
       1
       1
       2
       1
       0
       3
       2
       2
       2
       4
       2
       2
       3
       1
       1
       1
       1
       4
       1
       0
       0
       3
       2
       2
       2
       3
       1
       3
       1
       0
       5
       0
       3
       0
       1
       2
       1
       1
       0
       1
       1
       1
       2
       1
       0
       1
       3
       3
       1
       2
       3
       0
       4
       2
       2
       2
       2
       4
       6
       5
       3
       0
       1
       3
       0
       2
       3
       0
       1
       1
       1
       0
       6
       1
       1
       1
       2
       2
       4
       1
       1
       1
       1
       3
       1
       0
       3
       6
       2
       2
       1
       3
       1
       1
       1
       2
       0
       5
       4
       5
       2
       3
       3
       3
       3
       0
       5
       2
       0
       3
       1
       3
       3
       1
       2
       2
       4
       1
       4
       3
       3
       4
       1
       2
       1
       4
       0
       3
       1
       4
       5
       2
       1
       1
       2
       2
       2
       5
       3
       1
       1
       1
       1
       5
       4
       2
       1
       1
       2
       6
       5
       1
       6
       3
       4
       2
       4
       1
       2
       1
       3
       6
       2
       2
       1
       5
       0
       1
       4
       4
       5
       5
       2
       1
       1
       1
       3
       2
       3
       1
       1
       2
       4
       0
       2
       5
       4
       5
       5
       3
       2
       5
       0
       4
       4
       2
       2
       4
       2
       2
       3
       4
       4
       0
       4
       5
       3
       5
       1
       1
       5
       2
       1
       1
       4
       1
       2
       4
       3
       5
       5
       5
       2
       9
       6
       9
       5
       5
       5
       3
       5
       4
       5
       4
       7
       3
       9
       6
       3
       2
       4
       4
       3
       4
       5
       7
       4
      11
       8
       6
       1
       4
       6
       2
       3
       6
       4
       1
       2
       9
       2
       8
       2
       9
       3
       3
       5
       7
       5
       2
       8
       4
       1
       2
       2
       4
       5
       0
       8
      11
       6
       6
       6
       8
       9
      15
      20
      40
      70
     115
     157
     120
      40
      21
      36
      48
      43
      30
      18
       8
       9
       7
       5
       5
       7
       3
       5
       6
       5
       5
       9
       7
       9
       6
      15
       4
       9
      12
      15
      19
      39
      70
     153
     330
     320
     227
      72
      15
       7
       4
      12
       2
       6
       6
       4
      10
       4
       6
       4
       6
       8
       6
       5
       9
       5
       7
      11
       2
       9
       7
      11
       4
       8
       5
      14
      19
      12
       9
      12
      10
      13
      10
      15
      20
      19
      25
      25
      28
      43
      57
      83
     126
     308
     726
    1467
    1791
    1307
     511
     100
      12
       1
       0
       0
       1
       1
       0
       0
       0
       0
       0
       0
       2
       0
       1
       1
       0
       3
       0
       0
       1
       2
       0
       0
       0
       1
       0
       1
       0
       1
       0
       0
       1
       0
       0
       1
       0
       0
       2
       0
       0
       0
       0
       0
       0
       0
       0
       0
       0
       0
       0
       0
       1
       0
       1
       1
       0
       0
       0
       0
       2
       1
       0
       1
       0
       0
       1
       0
       0
       0
       0
       0
       0
       0
       0
       1
       0
       0
       0
       0
       1
       0
       1
       0
       1
       1
       0
       0
       0
       1
       0
       1
       0
       0
       0
       0
       0
       0
       1
       0
       0
       0
       0
       0
       0
       0
       0
       0
       0
       1
       0
       0
       0
       0
       0
       1
       0
       1
       6
       2
       4
       0
       0
       1
       2
       2
       0
       0
       0
       0
       1
       0
       0
       0
       0
       0
       1
       0
       0
       0
       0
       0
       1
       1
       0
       1
       0
       1
       0
       1
       0
       0
       0
       0
       4
       0
       0
       0
       0
       0
       0
       0
       1
       0
       0
       0
       0
       0
       0
       0
       0
       0
       0
       0
       0
       0
       0
       1
       1
       0
       0
       0
       1
       0
       0
       0
       2
       0
       0
       1
       0
       2
       0
       0
       2
       2
       1
       1
       0
       1
       1
       0
       1
       1
       1
       2
       0
       0
       2
       1
       0
       1
       1
       1
       0
       1
       0
       0
       0
       1
       1
       0
       1
       1
       2
       1
       2
       1
       0
       0
       0
       2
       1
       2
       1
       0
       0
       2
       0
       0
       0
       2
       0
       2
       1
       0
       0
       0
       0
       0
       2
       1
       0
       1
       0
       1
       0
       0
       1
       0
       2
       1
       0
       0
       3
       2
       2
       0
       2
       0
       1
       0
       1
       0
       2
       0
       0
       1
       1
       5
       1
       0
       2
       1
       4
       2
       4
       1
       3
       1
       3
       1
       1
       1
       2
       3
       3
       4
       2
       3
       2
       2
       2
       3
       2
       3
       3
       6
       5
       8
       7
      13
      25
      31
      78
     177
     298
     333
     240
      86
      22
       3
       2
       4
       1
       4
       3
       0
       3
       1
       2
       2
       3
       4
       0
       1
       3
       1
       1
       0
       0
       1
       1
       1
       0
       2
       0
       1
       2
       0
       0
       0
       3
       0
       0
       0
       0
       0
       0
       0
       0
       0
       0
       0
       0
       0
       0
       0
       0
       1
       0
       0
       0
       0
       0
       0
       0
       0
       0
       0
       0
       0
       1
       0
       0
       0
       0
       0
       0
       0
       0
       0
       0
       0
       0
       0
       0
       0
       0
       0
       0
       0
       0
       0
       0
       0
       0
       0
       0
       0
       1
       0
       0
       0
       0
       0
       0
       0
       0
       0
       0
       0
       0
       0
       0
       0
       0
       0
       0
       0
       0
       0
       0
       0
       0
       0
       0
       0
       0
       0
       0
       0
       0
       0
       0
       0
       0
       0
       0
       0
       0
       0
       0
       0
       0
       0
       0
       0
       0
       0
       0
       0
       0
       0
       0
       0
       0
       0
       0
       0
       0
       0
       0
       0
       0
       0
       0
       0
       0
       0
       0
       0
       0
       0
       0
       0
       0
       0
       0
       0
       0
       0
       0
       0
       0
       0
       0
       0
       0
       0
       0
       0
       0
       0
       0
       0
       0
       0
       0
       0
       0
       0
       0
       0
       0
       0
       0
       0
       0
       0
       0
       0
       0
       0
       0
       0
       0
       0
       0
       0
       0
       0
       0
       0
       0
       0
       0
       0
       0
       0
       0
       0
       0
       0
       0
       0
       0
       0
       0
       0
       0
       0
       0
       0
       0
       0
       0
       0
       0
       0
       0
       0
       0
       0
       0
       0
       0
       0
       0
       0
       0
       0
       0
       0
       0
       0
       0
       0
       0
       0
       0
       0
       0
       0
       0
       0
       0
       0
       0
       0
       0
       0
       0
       0
       0
       0
       0
       0
       0
       0
       0
       0
       0
       0
       0
       0
       0
       0
       0
       0
       0
       0
       0
       0
       0
       0
       0
       0
       0
       0
       0
       0
       0
       0
       0
       0
       0
       0
       0
       0
       0
       0
       0
       0
       0
       0
       0
       0
       0
       0
       0
       0
       0
       0
       0
       0
       0
       0
       0
       0
       0
       0
       0
       0
       0
       0
       0
       0
       0
       0
       0
       0
       0
       0
       0
       0
       0
       0
       0
       0
       0
       0
       0
       0
       0
       0
       0
       0
       0
       0
       0
       0
       0
       0
       0
       0
       0
       0
       0
       0
       0
       0
       0
       0
       0
       0
       0
       0
       0
       0
       0
       0
       0
       0
       0
       0
       0
       0
       0
       0
       0
       0
       0
       0
       0
       0
       0
       0
       0
       0
       0
       0
       0
       0
       0
       0
       0
       0
       0
       0
       0
       0
       0
       0
       0
       0
       0
       0
       0
       0
       0
       0
       0
       0
       0
       0
       0
       0
       0
       0
       0
       0
       0
       0
       0
       0
       0
       0
       0
       0
       0
       0
       0
       0
       0
       0
       0
       0
       0
       0
       0
       0
       0
       0
       0
       0
       0
       0
       0
       0
       0
       0
       0
       0
       0
       0
       0
       0
       0
       0
       0
       0
       0
       0
       0
       0
       0
       0
       0
       0
       0
       0
       0
       0
       0
       0
       0
       0
       0
       0
       0
       0
       0
       0
       0
       0
       0
       0
       0
       0
       0
       0
       0
       0
       0
       0
       0
       0
       0
       0
       0
       0
       0
       0
       0
       0
       0
       0
       0
       0
       0
       0
       0
       0
       0
       0
       0
       0
       0
       0
       0
       0
       0
       0
       0
       0
       0
       0
       0
       0
       0
       0
       0
       0
       0
       0
       0
       0
       0
       0
       0
       0
       0
       0
       0
       0
       0
       0
       0
       0
       0
       0
       0
       0
       0
       0
       0
       0
       0
       0
       0
       0
       0
       0
       0
       0
       0
       0
       0
       0
       0
       0
       0
       0
       0
       0
       0
       0
       0
       0
       0
       0
       0
       0
       0
       0
       0
       0
       0
       0
       0
       0
       0
       0
       0
       0
       0
       0
       0
       0
       0
       0
       0
       0
       0
       0
       0
       0
       0
       0
       0
       0
       0
       0
       0
       0
       0
       0
       0
       0
       0
       0
       0
       0
       0
       0
       0
       0
       0
       0
       0
       0
       0
       0
       0
       0
       0
       0
       0
       0
       0
       0
       0
       0
       0
       0
       0
       0
       0
       0
       0
       0
       0
       0
       0
       0
       0
       0
       0
       0
       0
       0
       0
       0
       0
       0
       0
       0
       0
       0
       0
       0
       0
       0
       0
       0
       0
       0
       0
       0
       0
       0
       0
       0
       0
       0
       0
       0
       0
       0
       0
       0
       0
       0
       0
       0
       0
       0
       0
       0
       0
       0
       0
       0
       0
       0
       0
       0
       0
       0
       0
       0
       0
       0
       0
       0
       0
       0
       0
       0
       0
       0
       0
       0
$ROI:
7
803 815
842 854
896 914
931 944
980 993
1296 1317
1587 1590
$PRESETS:
Real Time
14400
0
$ENER_FIT:
-18.576502 6.711768
$MCA_CAL:
3
-1.857650E+001 6.711768E+000 9.444169E-006 KeV
$SHAPE_CAL:
3
-9.428778E-001 9.253461E-003 -3.762110E-006
