$SPEC_ID:
No sample description was entered.
$SPEC_REM:
DET# 1
DETDESC# YESUM2222 MCB 25
AP# Maestro Version 6.06
$DATE_MEA:
06/19/2016 11:52:31
$MEAS_TIM:
1083 1083
$DATA:
0 2047
       0
       0
       0
       0
       0
       0
       0
       0
       0
       0
       0
       0
       0
      14
    1504
    2271
    1961
    1862
    1649
    1593
    1448
    1402
    1328
    1284
    1303
    1327
    1317
    1206
    1047
     988
     882
     864
     792
     679
     682
     602
     586
     569
     497
     477
     411
     378
     366
     368
     290
     285
     264
     263
     207
     194
     196
     163
     137
     139
     124
     105
     110
     105
      76
      64
      76
      69
      49
      50
      51
      37
      36
      42
      46
      28
      36
      27
      20
      33
      19
      18
      22
      13
      19
      13
      12
      14
       5
       7
      13
       4
       8
       9
       9
       6
       5
       5
       6
       9
       6
       3
       5
       4
       3
       2
       2
       3
       3
       7
       2
       0
       0
       1
       2
       1
       2
       2
       1
       3
       2
       1
       2
       1
       2
       2
       4
       0
       2
       1
       0
       1
       1
       0
       3
       1
       0
       2
       3
       0
       0
       3
       2
       1
       1
       0
       0
       2
       2
       0
       4
       1
       0
       2
       2
       1
       1
       1
       2
       1
       1
       0
       0
       1
       2
       0
       0
       2
       1
       3
       2
       0
       6
       3
       0
       2
       0
       2
       1
       2
       3
       2
       1
       0
       1
       0
       1
       1
       0
       1
       0
       1
       3
       1
       1
       2
       3
       3
       0
       3
       2
       1
       0
       4
       0
       1
       0
       1
       1
       1
       0
       2
       2
       1
       1
       2
       4
       3
       1
       4
       0
       1
       1
       1
       1
       1
       2
       1
       1
       1
       0
       1
       3
       0
       1
       3
       0
       3
       4
       3
       2
       4
       4
       3
       1
       2
       1
       0
       0
       3
       2
       0
       0
       0
       0
       1
       0
       1
       2
       2
       2
       0
       1
       1
       1
       0
       1
       1
       1
       1
       2
       1
       2
       2
       2
       2
       2
       1
       2
       1
       2
       1
       3
       4
       0
       1
       2
       1
       1
       2
       7
       1
       1
       0
       1
       1
       1
       2
       3
       2
       0
       1
       1
       3
       4
       4
       0
       1
       2
       1
       1
       0
       1
       2
       0
       1
       1
       1
       2
       1
       1
       1
       2
       1
       2
       4
       1
       0
       4
       0
       1
       1
       1
       4
       2
       1
       2
       1
       1
       1
       1
       2
       4
       1
       1
       2
       0
       1
       2
       3
       1
       3
       1
       2
       1
       1
       2
       0
       1
       1
       3
       3
       2
       1
       3
       1
       3
       2
       2
       2
       0
       1
       2
       1
       0
       2
       2
       2
       0
       0
       1
       1
       2
       1
       2
       2
       3
       2
       0
       3
       2
       2
       1
       0
       1
       3
       1
       2
       2
       0
       4
       0
       0
       0
       0
       1
       1
       2
       3
       2
       2
       5
       1
       1
       2
       1
       1
       2
       1
       1
       3
       2
       1
       1
       3
       1
       0
       0
       2
       2
       0
       3
       2
       3
       1
       2
       2
       0
       0
       1
       1
       1
       1
       1
       1
       3
       0
       4
       0
       0
       2
       3
       1
       0
       0
       3
       3
       2
       1
       1
       1
       0
       0
       0
       1
       1
       1
       1
       1
       5
       0
       1
       3
       1
       2
       0
       1
       3
       5
       1
       0
       0
       1
       1
       2
       2
       1
       1
       2
       2
       0
       3
       3
       1
       1
       0
       0
       1
       2
       2
       1
       1
       0
       2
       1
       2
       4
       2
       5
       1
       3
       1
       3
       2
       4
       0
       1
       1
       0
       2
       1
       3
       1
       1
       1
       1
       0
       0
       2
       2
       3
       3
       0
       3
       2
       0
       0
       2
       3
       1
       1
       1
       1
       2
       2
       2
       2
       2
       2
       1
       2
       2
       0
       0
       5
       4
       1
       5
       1
       2
       4
       0
       3
       1
       5
       0
       0
       0
       3
       1
       3
       1
       1
       1
       0
       1
       1
       0
       3
       2
       1
       2
       2
       3
       2
       3
       0
       1
       0
       6
       3
       2
       2
       3
       4
       2
       1
       0
       4
       5
       5
       3
       1
       1
       0
       0
       1
       3
       2
       1
       0
       2
       2
       0
       2
       2
       2
       1
       0
       0
       0
       1
       1
       2
       1
       1
       3
       2
       2
       2
       4
       2
       2
       3
       1
       2
       1
       1
       4
       1
       1
       1
       3
       2
       2
       2
       3
       1
       3
       1
       0
       5
       0
       3
       0
       1
       2
       1
       1
       0
       1
       3
       1
       2
       1
       1
       1
       4
       3
       1
       3
       3
       0
       4
       2
       2
       2
       3
       5
       6
       6
       3
       0
       2
       4
       0
       3
       4
       0
       1
       1
       1
       0
       6
       1
       1
       2
       2
       2
       4
       1
       1
       1
       1
       3
       1
       0
       4
       6
       2
       3
       1
       3
       1
       1
       1
       2
       0
       6
       5
       5
       2
       3
       3
       3
       4
       0
       5
       2
       0
       4
       1
       3
       3
       1
       2
       2
       4
       1
       5
       3
       3
       4
       1
       2
       1
       4
       0
       3
       1
       5
       5
       2
       1
       1
       3
       2
       2
       5
       3
       1
       1
       1
       1
       5
       4
       2
       2
       1
       2
       6
       6
       1
       6
       3
       5
       2
       4
       1
       2
       1
       5
       6
       2
       3
       1
       5
       1
       2
       4
       5
       6
       5
       2
       1
       1
       1
       3
       2
       3
       1
       1
       2
       4
       0
       2
       5
       4
       5
       5
       3
       2
       6
       0
       4
       4
       2
       3
       4
       2
       2
       3
       4
       4
       0
       5
       5
       3
       5
       2
       2
       5
       2
       1
       2
       5
       1
       2
       4
       3
       5
       5
       5
       2
       9
       8
       9
       5
       5
       5
       4
       7
       4
       5
       4
       7
       3
       9
       6
       3
       3
       4
       4
       5
       4
       5
       8
       4
      11
       8
       6
       1
       7
       7
       2
       3
       6
       4
       1
       2
       9
       2
       9
       2
       9
       4
       3
       5
       9
       5
       2
       8
       5
       1
       4
       2
       4
       5
       0
       9
      11
       6
       7
       7
      10
      11
      16
      23
      44
      78
     125
     173
     130
      45
      27
      38
      54
      51
      34
      21
       9
       9
       7
       5
       5
       7
       4
       5
       7
       5
       5
      10
       7
       9
       6
      16
       4
      11
      12
      18
      19
      41
      78
     173
     358
     349
     241
      78
      18
       8
       5
      12
       3
       6
       6
       4
      10
       4
       8
       5
       7
       8
       6
       5
       9
       5
      10
      11
       3
      10
       8
      12
       5
       8
       5
      16
      19
      14
      10
      12
      11
      13
      10
      17
      23
      24
      28
      28
      30
      46
      61
      89
     147
     335
     797
    1598
    1951
    1413
     554
     108
      13
       1
       0
       1
       1
       2
       0
       1
       0
       0
       0
       0
       2
       0
       1
       1
       1
       3
       0
       0
       1
       2
       0
       0
       0
       2
       0
       1
       0
       1
       0
       0
       1
       0
       0
       2
       0
       0
       2
       0
       0
       0
       0
       0
       0
       0
       0
       0
       0
       0
       0
       0
       2
       0
       1
       1
       0
       0
       0
       0
       2
       1
       0
       1
       0
       0
       1
       0
       0
       0
       0
       0
       0
       0
       0
       1
       0
       0
       0
       1
       1
       0
       1
       0
       1
       1
       0
       0
       0
       1
       0
       1
       0
       0
       0
       0
       1
       0
       1
       0
       0
       0
       0
       0
       0
       0
       0
       1
       0
       1
       0
       0
       0
       0
       0
       1
       0
       1
       6
       2
       4
       0
       0
       1
       2
       2
       0
       1
       0
       0
       1
       0
       0
       0
       0
       0
       1
       0
       0
       0
       0
       0
       1
       1
       0
       1
       0
       1
       0
       1
       0
       0
       0
       0
       5
       0
       0
       0
       0
       0
       0
       0
       1
       0
       0
       0
       0
       0
       0
       0
       0
       0
       0
       0
       0
       0
       0
       1
       1
       0
       0
       0
       1
       0
       0
       0
       3
       0
       0
       1
       1
       2
       0
       0
       2
       2
       1
       1
       0
       1
       1
       0
       1
       1
       1
       2
       1
       0
       2
       1
       0
       1
       1
       1
       0
       1
       0
       0
       0
       1
       1
       0
       1
       1
       4
       1
       2
       2
       0
       0
       1
       2
       1
       2
       1
       0
       0
       2
       0
       0
       0
       2
       0
       2
       1
       0
       0
       0
       1
       0
       2
       1
       0
       1
       0
       1
       0
       0
       1
       0
       2
       1
       0
       0
       3
       2
       2
       0
       3
       0
       1
       0
       1
       0
       2
       1
       0
       1
       1
       5
       1
       0
       2
       1
       4
       3
       4
       2
       4
       1
       3
       1
       2
       1
       3
       4
       3
       4
       2
       3
       2
       3
       3
       3
       3
       3
       4
       6
       6
       8
       8
      13
      28
      37
      84
     191
     322
     369
     262
      93
      23
       3
       2
       4
       1
       4
       5
       0
       3
       1
       2
       2
       4
       4
       0
       1
       3
       1
       1
       0
       1
       1
       1
       2
       0
       2
       0
       1
       2
       0
       0
       0
       3
       0
       0
       0
       0
       0
       0
       0
       0
       0
       0
       0
       0
       0
       0
       0
       0
       1
       0
       0
       0
       0
       0
       0
       0
       1
       0
       0
       0
       0
       1
       0
       0
       0
       0
       0
       0
       0
       0
       0
       0
       0
       0
       0
       0
       0
       0
       0
       0
       0
       0
       0
       0
       0
       0
       0
       0
       0
       1
       0
       0
       0
       0
       0
       0
       0
       0
       0
       0
       0
       0
       0
       0
       0
       0
       0
       0
       0
       0
       0
       0
       0
       0
       0
       0
       0
       0
       0
       0
       0
       0
       0
       0
       0
       0
       0
       0
       0
       0
       0
       0
       0
       0
       0
       0
       0
       0
       0
       0
       0
       0
       0
       0
       0
       0
       0
       0
       0
       0
       0
       0
       0
       0
       0
       0
       0
       0
       0
       0
       0
       0
       0
       0
       0
       0
       0
       0
       0
       0
       0
       0
       0
       0
       0
       0
       0
       0
       0
       0
       0
       0
       0
       0
       0
       0
       0
       0
       0
       0
       0
       0
       0
       0
       0
       0
       0
       0
       0
       0
       0
       0
       0
       0
       0
       0
       0
       0
       0
       0
       0
       0
       0
       0
       0
       0
       0
       0
       0
       0
       0
       0
       0
       0
       0
       0
       0
       0
       0
       0
       0
       0
       0
       0
       0
       0
       0
       0
       0
       0
       0
       0
       0
       0
       0
       0
       0
       0
       0
       0
       0
       0
       0
       0
       0
       0
       0
       0
       0
       1
       0
       0
       0
       0
       0
       0
       0
       0
       0
       0
       0
       0
       0
       0
       0
       0
       0
       0
       0
       0
       0
       0
       0
       0
       0
       0
       0
       0
       0
       0
       0
       0
       0
       0
       0
       0
       0
       0
       0
       0
       0
       0
       0
       0
       0
       0
       0
       0
       0
       0
       0
       0
       0
       0
       0
       0
       0
       0
       0
       0
       0
       0
       0
       0
       0
       0
       0
       0
       0
       0
       0
       0
       0
       0
       0
       0
       0
       0
       0
       0
       0
       0
       0
       0
       0
       0
       0
       0
       0
       0
       0
       0
       0
       0
       0
       0
       0
       0
       0
       0
       0
       0
       0
       0
       0
       0
       0
       0
       0
       0
       0
       0
       0
       0
       0
       0
       0
       0
       0
       0
       0
       0
       0
       0
       0
       0
       0
       0
       0
       0
       0
       0
       0
       0
       0
       0
       0
       0
       0
       0
       0
       0
       0
       0
       0
       0
       0
       0
       0
       0
       0
       0
       0
       0
       0
       0
       0
       0
       0
       0
       0
       0
       0
       0
       0
       0
       0
       0
       0
       0
       0
       0
       0
       0
       0
       0
       0
       0
       0
       0
       0
       0
       0
       0
       0
       0
       0
       0
       0
       0
       0
       0
       0
       0
       0
       0
       0
       0
       0
       0
       0
       0
       0
       0
       0
       0
       0
       0
       0
       0
       0
       0
       0
       0
       0
       0
       0
       0
       0
       0
       0
       0
       0
       0
       0
       0
       0
       0
       0
       0
       0
       0
       0
       0
       0
       0
       0
       0
       0
       0
       0
       0
       0
       0
       0
       0
       0
       0
       0
       0
       0
       0
       0
       0
       0
       0
       0
       0
       0
       0
       0
       0
       0
       0
       0
       0
       0
       0
       0
       0
       0
       0
       0
       0
       0
       0
       0
       0
       0
       0
       0
       0
       0
       0
       0
       0
       0
       0
       0
       0
       0
       0
       0
       0
       0
       0
       0
       0
       0
       0
       0
       0
       0
       0
       0
       0
       0
       0
       0
       0
       0
       0
       0
       0
       0
       0
       0
       0
       0
       0
       0
       0
       0
       0
       0
       0
       0
       0
       0
       0
       0
       0
       0
       0
       0
       0
       0
       0
       0
       0
       0
       0
       0
       0
       0
       0
       0
       0
       0
       0
       0
       0
       0
       0
       0
       0
       0
       0
       0
       0
       0
       0
       0
       0
       0
       0
       0
       0
       0
       0
       0
       0
       0
       0
       0
       0
       0
       0
       0
       0
       0
       0
       0
       0
       0
       0
       0
       0
       0
       0
       0
       0
       0
       0
       0
       0
       0
       0
       0
       0
       0
       0
       0
       0
       0
       0
       0
       0
       0
       0
       0
       0
       0
       0
       0
       0
       0
       0
       0
       0
       0
       0
       0
       0
       0
       0
       0
       0
       0
       0
       0
       0
       0
       0
       0
       0
       0
       0
       0
       0
       0
       0
       0
       0
       0
       0
       0
       0
       0
       0
       0
       0
       0
       0
       0
       0
       0
       0
       0
       0
       0
       0
       0
       0
       0
       0
       0
       0
       0
       0
       0
       0
       0
$ROI:
7
803 815
842 854
896 914
931 944
980 993
1296 1317
1587 1590
$PRESETS:
Real Time
14400
0
$ENER_FIT:
-18.576502 6.711768
$MCA_CAL:
3
-1.857650E+001 6.711768E+000 9.444169E-006 KeV
$SHAPE_CAL:
3
-9.428778E-001 9.253461E-003 -3.762110E-006
