$SPEC_ID:
No sample description was entered.
$SPEC_REM:
DET# 1
DETDESC# YESUM2222 MCB 25
AP# Maestro Version 6.06
$DATE_MEA:
06/16/2016 12:05:57
$MEAS_TIM:
942 942
$DATA:
0 2047
       0
       0
       0
       0
       0
       0
       0
       0
       0
       0
       0
       0
       0
       3
     175
     209
     180
     187
     157
     130
     119
     131
     123
     120
     149
     216
     171
      92
      70
      64
      61
      67
      59
      40
      47
      44
      46
      38
      35
      25
      26
      19
      20
      30
      24
      15
      16
      13
       8
      11
       9
       7
       6
       6
       6
      10
       7
       7
       4
       3
       5
       8
       4
       1
       3
       0
       0
       4
       0
       3
       3
       1
       2
       2
       2
       0
       0
       0
       1
       2
       1
       0
       1
       1
       2
       1
       0
       2
       1
       0
       0
       0
       0
       1
       1
       1
       0
       0
       1
       1
       1
       0
       1
       2
       2
       0
       0
       0
       1
       0
       2
       0
       1
       0
       0
       1
       1
       0
       0
       0
       0
       0
       1
       1
       2
       0
       0
       1
       0
       0
       2
       0
       1
       0
       0
       0
       0
       1
       0
       1
       1
       0
       1
       0
       1
       1
       1
       0
       0
       1
       0
       0
       0
       0
       0
       0
       0
       0
       0
       0
       1
       0
       0
       2
       1
       0
       0
       0
       0
       0
       1
       0
       0
       0
       1
       2
       0
       1
       3
       0
       0
       0
       2
       0
       0
       1
       0
       1
       1
       0
       0
       1
       1
       0
       1
       0
       1
       0
       1
       0
       0
       0
       1
       1
       0
       1
       1
       0
       1
       0
       0
       1
       2
       1
       0
       0
       0
       0
       0
       1
       1
       1
       0
       1
       0
       2
       1
       1
       2
       0
       1
       0
       2
       1
       0
       0
       1
       1
       0
       0
       0
       1
       1
       1
       1
       0
       1
       0
       1
       0
       0
       0
       0
       1
       0
       0
       1
       0
       0
       1
       1
       2
       0
       3
       1
       1
       0
       1
       0
       1
       0
       0
       1
       1
       1
       1
       2
       0
       0
       0
       1
       1
       3
       0
       0
       2
       0
       0
       0
       1
       0
       3
       0
       3
       1
       0
       0
       0
       0
       1
       0
       0
       1
       0
       0
       0
       1
       2
       0
       0
       0
       4
       1
       3
       2
       2
       1
       1
       0
       0
       2
       1
       3
       0
       1
       0
       1
       1
       1
       0
       1
       0
       2
       0
       0
       1
       1
       1
       0
       1
       1
       3
       1
       2
       2
       0
       3
       0
       0
       1
       0
       0
       0
       1
       1
       0
       1
       1
       0
       1
       1
       2
       0
       2
       1
       0
       0
       2
       1
       0
       0
       0
       0
       1
       0
       1
       1
       2
       0
       0
       0
       1
       0
       2
       1
       0
       1
       0
       1
       0
       2
       0
       1
       0
       1
       1
       0
       2
       0
       0
       0
       0
       1
       1
       0
       1
       2
       0
       0
       1
       1
       0
       0
       1
       1
       0
       0
       0
       1
       0
       1
       2
       1
       1
       1
       0
       3
       0
       0
       2
       0
       0
       2
       0
       3
       1
       0
       1
       1
       3
       0
       1
       0
       0
       1
       0
       5
       0
       0
       0
       1
       0
       1
       0
       1
       0
       1
       0
       2
       0
       0
       0
       0
       0
       1
       0
       1
       0
       1
       1
       4
       1
       1
       1
       0
       1
       1
       0
       3
       1
       1
       0
       2
       2
       3
       0
       2
       0
       1
       1
       0
       0
       0
       1
       2
       0
       1
       0
       1
       0
       1
       1
       0
       1
       2
       3
       1
       1
       0
       1
       1
       0
       0
       3
       1
       1
       0
       2
       3
       1
       0
       1
       1
       2
       1
       0
       1
       0
       1
       1
       2
       2
       4
       2
       0
       1
       2
       1
       0
       4
       2
       0
       3
       1
       0
       1
       0
       2
       2
       4
       3
       1
       2
       2
       1
       2
       2
       1
       1
       1
       1
       0
       0
       0
       0
       2
       3
       2
       2
       1
       2
       3
       1
       2
       1
       1
       1
       2
       3
       3
       4
       2
       2
       1
       0
       0
       3
       2
       3
       3
       3
       2
       1
       5
       2
       2
       0
       2
       3
       3
       0
       4
       3
       2
       3
       3
       4
       0
       5
       4
       9
       7
      10
      10
      15
      18
      23
      24
      23
      27
      29
      24
      24
      27
      18
      36
      29
      27
      38
      28
      42
      60
      58
      59
      49
      52
      70
      72
      52
      40
      38
      27
      22
      17
       9
      15
       0
       5
       4
       1
       2
       1
       0
       0
       2
       1
       1
       6
       3
       2
       8
       4
       2
       6
       3
       8
      12
       8
       7
      16
      15
      25
      23
      37
      48
      46
      71
      74
      72
      78
      94
      72
      88
      88
      74
      41
      39
      28
      20
      21
      13
      14
       6
       3
       3
       3
       1
       3
       4
       2
       1
       1
       3
       3
       4
       0
       2
       1
       0
       2
       0
       6
       2
       1
       1
       4
       3
       1
       0
       2
       2
       0
       3
       2
       1
       0
       2
       4
       3
       1
       3
       4
       4
       4
       7
       3
       9
       6
      15
      14
      16
      11
      15
      18
      22
      23
      26
      17
      15
      10
      20
      15
      16
       7
       5
       4
       4
       5
       2
       3
       1
       3
       0
       5
       0
       3
       1
       7
       1
       6
       6
       7
       8
      12
      15
      14
      32
      34
      43
      29
      47
      67
      78
      73
      70
      72
      50
      59
      51
      31
      27
      22
       9
       7
       7
       4
       5
       2
       2
       0
       0
       0
       1
       3
       1
       0
       1
       0
       2
       3
       3
       1
       2
       2
       1
       4
       1
       2
       2
       2
       2
       4
       1
       3
       3
       1
       2
       2
       2
       4
       4
       3
       3
       6
       1
       2
       2
       2
       1
       3
       1
       3
       7
       2
       2
       3
       3
       2
       7
       7
       7
       8
      11
       2
       3
      13
      15
      26
      16
      34
      38
      48
      48
      64
      53
      83
      86
      64
      73
      53
      55
      34
      32
      23
      28
      11
      10
      10
       8
       1
       4
       2
       7
       4
       5
       3
       2
       3
       2
       0
       4
       1
       1
       2
       5
       5
       3
       1
       7
       5
       5
       4
       2
       7
       4
       5
       7
       7
      10
       6
       8
       4
       3
       3
       4
       1
       0
       1
       4
       2
       4
       1
       3
       2
       1
       1
       1
       3
       2
       0
       5
       1
       1
       2
       4
       3
       5
       5
       2
       3
       6
       4
       3
       3
       1
       1
       0
       0
       1
       1
       0
       0
       3
       0
       1
       3
       0
       0
       0
       1
       0
       2
       3
       1
       1
       1
       0
       2
       1
       2
       1
       0
       1
       1
       0
       4
       1
       0
       1
       1
       1
       2
       2
       1
       0
       1
       3
       0
       0
       0
       0
       0
       0
       0
       1
       2
       0
       0
       1
       3
       1
       0
       1
       3
       2
       2
       2
       1
       2
       1
       1
       0
       7
       5
       4
       2
       2
       0
       0
       0
       0
       1
       0
       0
       0
       0
       0
       0
       1
       1
       0
       1
       0
       0
       0
       0
       0
       0
       0
       0
       0
       0
       0
       1
       1
       0
       0
       0
       0
       0
       0
       0
       0
       0
       0
       0
       0
       0
       0
       0
       1
       2
       0
       0
       1
       0
       0
       1
       0
       1
       0
       0
       1
       1
       1
       0
       0
       0
       0
       0
       0
       0
       0
       0
       0
       0
       0
       2
       1
       0
       0
       0
       1
       1
       0
       1
       0
       0
       1
       1
       0
       0
       0
       0
       0
       0
       1
       0
       0
       1
       0
       0
       2
       0
       0
       1
       0
       2
       0
       1
       0
       0
       0
       1
       1
       1
       0
       1
       1
       0
       0
       0
       0
       1
       1
       0
       0
       2
       0
       1
       0
       1
       0
       0
       1
       0
       1
       1
       0
       1
       1
       0
       0
       2
       1
       0
       1
       1
       0
       1
       3
       0
       0
       2
       0
       1
       0
       2
       3
       1
       1
       1
       3
       2
       4
       1
       1
       1
       5
       2
       4
       8
       7
      11
      14
      19
      18
      30
      31
      32
      33
      42
      54
      40
      40
      26
      36
      20
      21
       5
       7
       6
       3
       0
       0
       0
       0
       0
       0
       0
       0
       0
       1
       0
       0
       0
       0
       0
       0
       0
       0
       0
       0
       0
       0
       0
       0
       0
       0
       0
       0
       0
       0
       0
       1
       0
       0
       0
       0
       0
       0
       0
       0
       0
       0
       0
       0
       0
       0
       0
       0
       1
       0
       0
       0
       0
       0
       0
       0
       0
       0
       0
       0
       0
       0
       0
       1
       0
       0
       0
       1
       0
       0
       2
       0
       0
       1
       0
       0
       0
       3
       0
       0
       0
       0
       0
       0
       1
       1
       1
       1
       0
       0
       1
       0
       0
       0
       1
       1
       1
       1
       0
       0
       2
       2
       0
       3
       2
       8
      10
      13
       2
      10
       4
       1
       1
       6
       3
       1
       3
       4
       4
       1
       1
       3
       1
       1
       3
       0
       0
       3
       1
       2
       1
       0
       1
       0
       0
       1
       0
       0
       1
       1
       2
       1
       0
       1
       1
       0
       0
       0
       0
       0
       0
       0
       0
       0
       1
       0
       0
       0
       0
       0
       1
       0
       0
       0
       0
       0
       0
       0
       0
       2
       0
       0
       0
       0
       0
       0
       0
       0
       0
       0
       0
       0
       0
       0
       1
       0
       0
       0
       0
       0
       0
       0
       0
       0
       0
       0
       0
       0
       0
       1
       0
       0
       0
       0
       0
       0
       0
       0
       0
       0
       0
       0
       0
       0
       0
       0
       0
       0
       0
       0
       0
       0
       0
       0
       0
       0
       0
       0
       0
       0
       0
       0
       0
       0
       0
       0
       0
       0
       0
       0
       0
       0
       0
       0
       0
       0
       0
       0
       0
       0
       0
       0
       0
       0
       0
       0
       0
       0
       0
       0
       0
       0
       0
       0
       0
       0
       0
       0
       0
       0
       0
       0
       0
       0
       0
       0
       0
       0
       0
       0
       0
       0
       0
       0
       0
       0
       0
       0
       0
       0
       0
       0
       0
       0
       0
       0
       0
       0
       0
       0
       0
       0
       0
       0
       0
       0
       0
       0
       0
       0
       0
       0
       0
       0
       0
       0
       0
       0
       0
       0
       0
       0
       0
       0
       0
       0
       0
       0
       0
       0
       0
       0
       0
       0
       0
       0
       0
       0
       0
       0
       0
       0
       0
       0
       0
       0
       0
       0
       0
       0
       0
       0
       0
       0
       0
       0
       0
       0
       0
       0
       0
       0
       0
       0
       0
       0
       0
       0
       0
       0
       0
       0
       0
       0
       0
       0
       0
       0
       0
       0
       0
       0
       0
       0
       0
       0
       0
       0
       0
       0
       0
       0
       0
       0
       0
       0
       0
       0
       0
       0
       0
       0
       0
       0
       0
       0
       0
       0
       0
       0
       0
       0
       0
       0
       0
       0
       0
       0
       0
       0
       0
       0
       0
       0
       0
       0
       0
       0
       0
       0
       0
       0
       0
       0
       0
       0
       0
       0
       0
       0
       0
       0
       0
       0
       0
       0
       0
       0
       0
       0
       0
       0
       0
       0
       0
       0
       0
       0
       0
       0
       0
       0
       0
       0
       0
       0
       0
       0
       0
       0
       0
       0
       0
       0
       0
       0
       0
       0
       0
       0
       0
       0
       0
       0
       0
       0
       0
       0
       0
       0
       0
       0
       0
       0
       0
       0
       0
       0
       0
       0
       0
       0
       0
       0
       0
       0
       0
       0
       0
       0
       0
       0
       0
       0
       0
       0
       0
       0
       0
       0
       0
       0
       0
       0
       0
       0
       0
       0
       0
       0
       0
       0
       0
       0
       0
       0
       0
       0
       0
       0
       0
       0
       0
       0
       0
       0
       0
       0
       0
       0
       0
       0
       0
       0
       0
       0
       0
       0
       0
       0
       0
       0
       0
       0
       0
       0
       0
       0
       0
       0
       0
       0
       0
       0
       0
       0
       0
       0
       0
       0
       0
       0
       0
       0
       0
       0
       0
       0
       0
       0
       0
       0
       0
       0
       0
       0
       0
       0
       0
       0
       0
       0
       0
       0
       0
       0
       0
       0
       0
       0
       0
       0
       0
       0
       0
       0
       0
       0
       0
       0
       0
       0
       0
       0
       0
       0
       0
       0
       0
       0
       0
       0
       0
       0
       0
       0
       0
       0
       0
       0
       0
       0
       0
       0
       0
       0
       0
       0
       0
       0
       0
       0
       0
       0
       0
       0
       0
       0
       0
       0
       0
       0
       0
       0
       0
       0
       0
       0
       0
       0
       0
       0
       0
       0
       0
       0
       0
       0
       0
       0
       0
       0
       0
       0
       0
       0
       0
       0
       0
       0
       0
       0
       0
       0
       0
       0
       0
       0
       0
       0
       0
       0
       0
       0
       0
       0
       0
       0
       0
       0
       0
       0
       0
       0
       0
       0
       0
       0
       0
       0
       0
       0
       0
       0
       0
       0
       0
       0
       0
       0
       0
       0
       0
       0
       0
       0
       0
       0
       0
       0
       0
       0
       0
       0
       0
       0
       0
       0
       0
       0
       0
       0
       0
       0
       0
       0
       0
       0
       0
       0
       0
       0
       0
       0
       0
       0
       0
       0
       0
       0
       0
       0
       0
       0
       0
       0
       0
       0
       0
       0
       0
       0
       0
       0
       0
       0
       0
       0
       0
       0
       0
       0
       0
       0
       0
       0
       0
       0
       0
       0
       0
       0
       0
       0
       0
       0
       0
       0
       0
       0
       0
       0
       0
       0
       0
       0
       0
       0
       0
       0
       0
       0
       0
       0
       0
       0
       0
       0
       0
       0
       0
       0
       0
       0
       0
       0
       0
       0
       0
       0
       0
       0
       0
       0
       0
$ROI:
4
803 815
842 854
1296 1317
1587 1590
$PRESETS:
Real Time
14400
0
$ENER_FIT:
-18.576502 6.711768
$MCA_CAL:
3
-1.857650E+001 6.711768E+000 9.444169E-006 KeV
$SHAPE_CAL:
3
-9.428778E-001 9.253461E-003 -3.762110E-006
