$SPEC_ID:
No sample description was entered.
$SPEC_REM:
DET# 1
DETDESC# YESUM2222 MCB 25
AP# Maestro Version 6.06
$DATE_MEA:
06/16/2016 12:23:19
$MEAS_TIM:
969 969
$DATA:
0 2047
       0
       0
       0
       0
       0
       0
       0
       0
       0
       0
       0
       0
       0
       2
     143
     199
     184
     168
     150
     136
     128
     106
     120
     146
     170
     176
     139
      91
      72
      64
      62
      79
      56
      49
      48
      54
      29
      41
      31
      36
      22
      27
      20
      12
      15
      14
      16
      21
      10
      17
       7
       6
      11
      13
       5
       6
       4
       8
       8
       6
       6
       6
       4
       4
       2
       6
       1
       8
       1
       0
       3
       3
       4
       2
       2
       1
       3
       1
       1
       3
       0
       1
       3
       3
       1
       0
       3
       0
       0
       1
       1
       2
       0
       0
       0
       0
       1
       0
       0
       1
       0
       1
       0
       0
       0
       1
       2
       1
       1
       1
       0
       0
       1
       1
       0
       0
       0
       0
       0
       0
       0
       2
       0
       0
       1
       0
       1
       0
       1
       0
       1
       0
       0
       0
       1
       1
       0
       0
       2
       1
       1
       0
       1
       0
       1
       1
       1
       0
       1
       2
       0
       0
       0
       0
       1
       0
       2
       0
       0
       0
       1
       0
       1
       2
       1
       0
       0
       0
       0
       0
       0
       1
       1
       0
       1
       0
       0
       1
       1
       1
       0
       0
       0
       0
       0
       1
       2
       1
       1
       0
       2
       1
       1
       0
       0
       2
       2
       1
       0
       0
       0
       0
       0
       0
       0
       0
       0
       1
       1
       1
       0
       0
       0
       1
       1
       0
       2
       1
       1
       0
       2
       2
       4
       0
       1
       1
       0
       1
       0
       2
       0
       0
       0
       0
       0
       0
       0
       0
       0
       0
       0
       1
       4
       2
       1
       2
       0
       0
       2
       0
       0
       1
       0
       1
       0
       1
       1
       0
       0
       0
       0
       1
       0
       1
       1
       0
       1
       1
       1
       0
       0
       0
       1
       3
       0
       0
       2
       0
       4
       0
       1
       1
       2
       0
       2
       1
       2
       0
       0
       0
       1
       0
       3
       0
       1
       1
       0
       0
       1
       1
       2
       1
       1
       1
       0
       0
       0
       1
       2
       1
       0
       0
       0
       0
       2
       0
       2
       0
       2
       0
       0
       1
       1
       0
       1
       1
       0
       0
       0
       0
       0
       1
       3
       1
       1
       1
       0
       2
       0
       0
       1
       1
       0
       1
       1
       2
       2
       0
       0
       0
       2
       0
       1
       0
       3
       0
       2
       0
       0
       2
       0
       0
       2
       1
       1
       2
       0
       0
       0
       2
       1
       1
       1
       1
       1
       1
       0
       4
       1
       2
       0
       1
       1
       1
       2
       0
       0
       0
       0
       2
       0
       1
       1
       0
       0
       0
       2
       3
       0
       0
       0
       3
       1
       4
       2
       0
       2
       1
       0
       1
       0
       3
       1
       0
       1
       1
       0
       1
       0
       2
       1
       3
       0
       2
       1
       3
       0
       2
       1
       0
       0
       1
       2
       2
       2
       1
       1
       2
       2
       2
       2
       4
       1
       0
       3
       3
       0
       5
       5
       3
       5
       2
       3
       3
       4
       7
       3
       3
       5
       5
       2
       9
       4
       9
       8
      14
       8
      13
      14
      11
      15
      23
      15
      19
      21
      22
      24
      33
      22
      42
      37
      35
      33
      32
      37
      39
      41
      43
      30
      39
      54
      37
      46
      51
      57
      49
      42
      53
      30
      30
      28
      26
      21
      10
      18
      10
       8
      11
       5
       9
       3
       2
       2
       1
       2
       3
       0
       2
       1
       2
       2
       2
       4
       3
       2
       3
       4
       8
      15
       8
      13
      13
      15
      27
      25
      21
      31
      33
      32
      50
      47
      48
      45
      47
      47
      80
      47
      56
      47
      58
      49
      53
      37
      36
      22
      24
      25
      18
      14
       7
      10
       3
       3
       7
       4
       0
       0
       2
       0
       1
       0
       2
       0
       2
       1
       0
       0
       1
       0
       0
       1
       0
       0
       0
       0
       2
       1
       0
       1
       1
       2
       1
       3
       1
       2
       2
       4
       0
       1
       1
       3
       5
       2
       5
       6
       7
       6
       5
       6
      11
      11
       7
       8
      12
      14
      11
      13
      15
      23
      16
      14
      19
      15
      13
      17
      15
       7
      16
       4
       7
       2
      10
       8
       6
       3
       3
       5
       2
       4
       2
       4
       4
       3
       1
       4
       5
       9
       7
       3
      11
      13
      13
      17
      24
      23
      27
      32
      36
      38
      51
      53
      40
      44
      49
      58
      44
      55
      60
      49
      35
      34
      27
      26
      28
      24
      12
      11
      10
       8
       3
       2
       3
       1
       2
       0
       2
       1
       1
       2
       2
       1
       0
       1
       2
       2
       2
       3
       3
       1
       3
       1
       0
       3
       3
       1
       1
       0
       1
       0
       3
       3
       0
       3
       1
       0
       1
       1
       3
       0
       1
       2
       1
       5
       1
       2
       2
       4
       0
       3
       1
       3
       2
       3
       3
       2
       2
       7
       4
       4
       7
       9
      13
      14
      24
      22
      18
      23
      23
      27
      38
      49
      38
      39
      41
      44
      39
      54
      50
      48
      36
      47
      32
      27
      17
      15
      22
      10
      15
       6
       5
       2
       5
       0
       1
       1
       6
       1
       2
       2
       2
       2
       1
       0
       0
       1
       1
       2
       1
       2
       2
       3
       2
       0
       1
       1
       0
       1
       3
       2
       1
       1
       2
       3
       1
       1
       2
       3
       2
       2
       1
       0
       0
       3
       3
       3
       1
       3
       1
       1
       0
       2
       1
       0
       0
       1
       5
       1
       0
       4
       1
       2
       4
       2
       0
       4
       1
       1
       1
       3
       0
       0
       0
       2
       2
       3
       1
       2
       3
       1
       1
       2
       6
       5
       3
       4
       1
       0
       0
       2
       3
       3
       2
       0
       1
       1
       0
       0
       2
       0
       1
       2
       1
       1
       0
       1
       0
       1
       1
       1
       0
       2
       1
       2
       1
       3
       2
       2
       0
       2
       1
       0
       0
       3
       1
       2
       2
       2
       7
       1
       2
       3
       1
       6
       0
       6
       7
       9
       2
       5
      10
       3
       4
       4
       1
       3
       1
       6
       2
       1
       3
       3
       1
       0
       2
       5
       2
       5
       3
       1
       0
       2
       2
       5
       0
       3
       5
       0
       1
       5
       1
       4
       4
       2
       2
       3
       2
       1
       1
       0
       1
       0
       1
       1
       1
       0
       0
       0
       1
       0
       0
       2
       2
       1
       1
       1
       0
       1
       0
       2
       0
       1
       1
       0
       4
       0
       0
       0
       0
       1
       0
       2
       1
       0
       0
       0
       0
       0
       0
       1
       2
       1
       0
       2
       1
       2
       2
       5
       0
       2
       2
       1
       2
       0
       3
       1
       2
       0
       0
       0
       0
       4
       6
       9
       8
       5
       4
       1
       1
       2
       0
       2
       0
       0
       1
       0
       1
       0
       0
       0
       0
       0
       1
       1
       0
       0
       0
       0
       1
       0
       0
       2
       2
       1
       2
       0
       0
       0
       1
       0
       0
       0
       0
       0
       0
       0
       1
       2
       0
       0
       1
       1
       1
       0
       1
       1
       0
       1
       1
       2
       0
       1
       1
       0
       1
       1
       2
       1
       0
       0
       0
       1
       0
       1
       0
       1
       2
       0
       1
       2
       1
       1
       2
       3
       8
       8
       9
       8
      15
      14
      20
      30
      31
      30
      35
      41
      27
      39
      32
      31
      38
      23
      20
      17
      13
      13
       8
      10
       5
       0
       4
       3
       1
       0
       0
       0
       1
       0
       0
       0
       0
       0
       0
       0
       1
       0
       0
       0
       0
       0
       0
       0
       0
       0
       0
       0
       0
       0
       0
       0
       0
       0
       0
       0
       0
       0
       0
       0
       0
       0
       0
       0
       0
       0
       0
       0
       0
       0
       0
       0
       0
       0
       0
       0
       0
       1
       0
       0
       0
       0
       0
       0
       0
       0
       0
       0
       0
       0
       0
       0
       0
       0
       0
       0
       0
       0
       0
       0
       0
       0
       0
       0
       0
       0
       0
       0
       0
       0
       0
       0
       0
       0
       0
       0
       0
       0
       0
       1
       0
       0
       0
       0
       0
       0
       0
       0
       0
       0
       0
       0
       0
       1
       0
       0
       0
       0
       0
       0
       0
       0
       0
       0
       0
       0
       0
       0
       0
       0
       1
       1
       1
       1
       0
       0
       0
       0
       0
       0
       0
       0
       1
       0
       1
       0
       1
       0
       0
       0
       1
       0
       1
       0
       0
       0
       1
       0
       1
       0
       0
       0
       0
       0
       0
       0
       1
       0
       1
       1
       0
       0
       0
       0
       1
       1
       0
       2
       1
       0
       4
       1
       0
       1
       1
       1
       0
       1
       0
       2
       2
       5
       5
       4
      12
       9
       5
       2
       1
       4
       2
       1
       1
       3
       3
       0
       1
       1
       1
       4
       2
       1
       1
       1
       0
       0
       0
       1
       1
       0
       0
       0
       1
       1
       0
       0
       0
       0
       0
       0
       0
       0
       0
       1
       0
       1
       2
       0
       0
       1
       0
       0
       0
       0
       0
       0
       1
       0
       0
       0
       0
       0
       0
       0
       0
       0
       0
       0
       0
       0
       0
       0
       0
       0
       0
       0
       0
       0
       0
       0
       0
       0
       0
       1
       0
       0
       0
       0
       0
       1
       0
       0
       0
       0
       0
       0
       0
       0
       0
       0
       0
       0
       0
       0
       0
       0
       0
       0
       0
       0
       0
       0
       0
       0
       0
       0
       0
       0
       0
       0
       0
       0
       0
       0
       0
       0
       0
       0
       0
       0
       0
       0
       0
       0
       0
       0
       0
       0
       0
       0
       0
       0
       0
       0
       0
       0
       0
       0
       0
       0
       0
       0
       0
       0
       0
       0
       0
       0
       0
       0
       0
       0
       0
       0
       0
       0
       0
       0
       0
       0
       0
       0
       0
       0
       0
       0
       0
       0
       0
       0
       0
       0
       0
       0
       0
       0
       0
       0
       0
       0
       0
       0
       0
       0
       0
       0
       0
       0
       0
       0
       0
       0
       0
       0
       0
       0
       0
       0
       0
       0
       0
       0
       0
       0
       0
       0
       0
       0
       0
       0
       0
       0
       0
       0
       0
       0
       0
       0
       0
       0
       0
       0
       0
       0
       0
       0
       0
       0
       0
       0
       0
       0
       0
       0
       0
       0
       0
       0
       0
       0
       0
       0
       0
       0
       0
       0
       0
       0
       0
       0
       0
       0
       0
       0
       0
       0
       0
       0
       0
       0
       0
       0
       0
       0
       0
       0
       0
       0
       0
       0
       0
       0
       0
       0
       0
       0
       0
       0
       0
       0
       0
       0
       0
       0
       0
       0
       0
       0
       0
       0
       0
       0
       0
       0
       0
       0
       0
       0
       0
       0
       0
       0
       0
       0
       0
       0
       0
       0
       0
       0
       0
       0
       0
       0
       0
       0
       0
       0
       0
       0
       0
       0
       0
       0
       0
       0
       0
       0
       0
       0
       0
       0
       0
       0
       0
       0
       0
       0
       0
       0
       0
       0
       0
       0
       0
       0
       0
       0
       0
       0
       0
       0
       0
       0
       0
       0
       0
       0
       0
       0
       0
       0
       0
       0
       0
       0
       0
       0
       0
       0
       0
       0
       0
       0
       0
       0
       0
       0
       0
       0
       0
       0
       0
       0
       0
       0
       0
       0
       0
       0
       0
       0
       0
       0
       0
       0
       0
       0
       0
       0
       0
       0
       0
       0
       0
       0
       0
       0
       0
       0
       0
       0
       0
       0
       0
       0
       0
       0
       0
       0
       0
       0
       0
       0
       0
       0
       0
       0
       0
       0
       0
       0
       0
       0
       0
       0
       0
       0
       0
       0
       0
       0
       0
       0
       0
       0
       0
       0
       0
       0
       0
       0
       0
       0
       0
       0
       0
       0
       0
       0
       0
       0
       0
       0
       0
       0
       0
       0
       0
       0
       0
       0
       0
       0
       0
       0
       0
       0
       0
       0
       0
       0
       0
       0
       0
       0
       0
       0
       0
       0
       0
       0
       0
       0
       0
       0
       0
       0
       0
       0
       0
       0
       0
       0
       0
       0
       0
       0
       0
       0
       0
       0
       0
       0
       0
       0
       0
       0
       0
       0
       0
       0
       0
       0
       0
       0
       0
       0
       0
       0
       0
       0
       0
       0
       0
       0
       0
       0
       0
       0
       0
       0
       0
       0
       0
       0
       0
       0
       0
       0
       0
       0
       0
       0
       0
       0
       0
       0
       0
       0
       0
       0
       0
       0
       0
       0
       0
       0
       0
       0
       0
       0
       0
       0
       0
       0
       0
       0
       0
       0
       0
       0
       0
       0
       0
       0
       0
       0
       0
       0
       0
       0
       0
       0
       0
       0
       0
       0
       0
       0
       0
       0
       0
       0
       0
       0
       0
       0
       0
       0
       0
       0
       0
       0
       0
       0
       0
       0
       0
       0
       0
       0
       0
       0
       0
       0
       0
       0
       0
       0
       0
       0
       0
       0
       0
       0
       0
       0
       0
       0
       0
       0
       0
       0
       0
       0
       0
       0
       0
       0
       0
       0
       0
       0
       0
       0
       0
       0
       0
       0
       0
       0
       0
       0
       0
       0
       0
       0
       0
       0
       0
       0
       0
       0
       0
       0
       0
       0
       0
       0
       0
       0
       0
       0
       0
       0
       0
       0
       0
       0
       0
       0
       0
       0
       0
       0
       0
       0
       0
       0
       0
       0
       0
       0
       0
       0
       0
       0
       0
       0
       0
       0
       0
       0
       0
       0
       0
       0
       0
       0
       0
       0
       0
       0
       0
       0
       0
       0
       0
       0
       0
$ROI:
4
803 815
842 854
1296 1317
1587 1590
$PRESETS:
Real Time
14400
0
$ENER_FIT:
-18.576502 6.711768
$MCA_CAL:
3
-1.857650E+001 6.711768E+000 9.444169E-006 KeV
$SHAPE_CAL:
3
-9.428778E-001 9.253461E-003 -3.762110E-006
