$SPEC_ID:
No sample description was entered.
$SPEC_REM:
DET# 1
DETDESC# YESUM2222 MCB 25
AP# Maestro Version 6.06
$DATE_MEA:
06/16/2016 13:00:41
$MEAS_TIM:
1135 1135
$DATA:
0 2047
       0
       0
       0
       0
       0
       0
       0
       0
       0
       0
       0
       0
       0
       6
     242
     345
     269
     230
     195
     175
     158
     167
     157
     152
     154
     216
     218
     149
     105
      93
      92
      73
      80
      60
      61
      60
      47
      65
      34
      37
      33
      25
      24
      19
      25
      21
      12
      17
       8
      11
      16
      12
       6
       6
      12
      10
       7
       7
       4
       7
       0
       7
       6
       2
       2
       1
       2
       3
       5
       1
       4
       5
       3
       6
       0
       1
       1
       3
       3
       0
       1
       1
       3
       1
       1
       1
       2
       2
       1
       0
       1
       0
       0
       1
       2
       0
       1
       0
       0
       0
       0
       0
       2
       0
       1
       1
       2
       0
       1
       1
       1
       1
       1
       1
       0
       2
       0
       0
       1
       1
       0
       1
       0
       0
       1
       0
       0
       2
       1
       1
       0
       1
       2
       0
       1
       0
       0
       1
       0
       1
       1
       0
       1
       0
       1
       1
       0
       1
       1
       0
       0
       0
       0
       1
       1
       1
       0
       1
       0
       2
       0
       1
       1
       1
       0
       1
       1
       1
       1
       0
       0
       1
       0
       0
       0
       0
       0
       2
       0
       1
       1
       1
       0
       1
       0
       1
       2
       0
       0
       0
       0
       1
       1
       0
       0
       0
       2
       1
       0
       2
       0
       1
       4
       2
       1
       0
       0
       0
       1
       1
       0
       0
       0
       0
       0
       1
       0
       0
       0
       0
       2
       4
       2
       2
       0
       0
       0
       0
       1
       0
       2
       4
       0
       1
       0
       0
       2
       0
       1
       0
       0
       0
       0
       1
       0
       0
       1
       3
       0
       1
       2
       1
       0
       2
       0
       1
       1
       2
       0
       0
       1
       0
       1
       0
       1
       2
       0
       0
       2
       0
       1
       1
       1
       1
       0
       0
       1
       0
       1
       0
       0
       1
       0
       0
       2
       0
       1
       0
       0
       1
       1
       0
       0
       1
       1
       1
       0
       0
       0
       0
       0
       2
       1
       0
       1
       1
       0
       0
       0
       1
       0
       0
       0
       4
       1
       0
       0
       1
       1
       0
       0
       0
       0
       0
       1
       2
       1
       2
       2
       0
       3
       1
       0
       0
       1
       4
       0
       0
       2
       3
       0
       3
       0
       1
       1
       2
       2
       0
       2
       0
       1
       1
       0
       1
       1
       0
       0
       1
       0
       1
       0
       0
       0
       1
       3
       0
       0
       1
       1
       1
       0
       0
       1
       0
       0
       0
       1
       1
       1
       1
       0
       1
       1
       0
       1
       1
       0
       0
       0
       1
       1
       2
       1
       0
       0
       3
       3
       2
       1
       0
       0
       2
       2
       0
       1
       1
       1
       0
       3
       1
       1
       0
       0
       2
       0
       0
       2
       0
       0
       1
       1
       0
       1
       1
       0
       2
       0
       0
       1
       2
       2
       0
       0
       0
       2
       0
       0
       1
       0
       2
       2
       0
       2
       1
       1
       1
       1
       0
       0
       1
       0
       2
       1
       1
       1
       2
       0
       0
       0
       0
       1
       0
       1
       0
       0
       2
       1
       1
       0
       3
       0
       0
       1
       1
       3
       1
       0
       2
       3
       0
       1
       1
       1
       1
       0
       1
       0
       1
       1
       1
       1
       3
       0
       0
       2
       0
       1
       1
       1
       0
       2
       1
       2
       0
       0
       2
       1
       0
       3
       3
       1
       1
       0
       2
       0
       1
       0
       0
       4
       2
       1
       0
       0
       2
       0
       2
       1
       1
       0
       1
       0
       0
       3
       1
       0
       2
       1
       1
       0
       1
       0
       1
       2
       1
       2
       0
       1
       1
       2
       0
       1
       0
       1
       0
       0
       2
       1
       0
       1
       2
       1
       2
       1
       0
       0
       1
       2
       0
       1
       0
       1
       0
       1
       1
       1
       1
       1
       1
       0
       0
       2
       0
       1
       0
       3
       1
       1
       1
       2
       0
       0
       1
       1
       2
       3
       0
       1
       0
       3
       2
       1
       0
       0
       1
       3
       4
       3
       2
       3
       1
       3
       2
       1
       1
       1
       1
       0
       2
       0
       2
       0
       1
       3
       5
       0
       0
       1
       1
       0
       1
       1
       1
       1
       0
       2
       0
       2
       0
       1
       1
       2
       2
       5
       7
       0
       1
       3
       1
       0
       1
       1
       1
       3
       1
       6
       2
       1
       1
       3
       0
       3
       5
       1
       2
       2
       3
       1
       2
       2
       0
       3
       0
       1
       2
       2
       0
       2
       3
       2
       0
       2
       2
       1
       0
       1
       1
       2
       0
       2
       2
       3
       0
       0
       6
       1
       3
       2
       1
       2
       3
       1
       2
       1
       4
       1
       0
       5
       2
       0
       4
       1
       3
       2
       0
       2
       2
       3
       3
       2
       3
       1
       3
       3
       1
       2
       1
       2
       2
       2
       0
       2
       2
       2
       3
       2
       1
       4
       4
       0
       1
       2
       2
       2
       0
       2
       2
       2
       4
       2
       4
       4
       6
       3
       4
       3
       6
       1
       5
       3
       2
       2
       9
       5
       4
       6
       6
       4
      15
      10
      16
      19
      28
      31
      54
      66
      72
      43
      28
      17
      21
      19
      25
      41
      67
     100
     139
     149
     153
     152
     112
      70
      37
      16
       8
       4
       4
       3
       2
       2
       2
       2
       2
       4
       4
       3
       6
       4
       3
       4
       4
       5
       8
       9
       9
       4
       6
       9
      11
      16
      28
      30
      41
      63
      71
     114
     158
     180
     220
     173
     120
      63
      21
       5
       1
       3
       3
       3
       3
       3
       2
       3
       3
       1
       3
       3
       2
       1
       1
       5
       3
       0
       2
       4
       0
       3
       1
       4
       3
       2
       3
       2
       2
       2
       3
       3
       2
       2
       2
       1
       5
       0
       5
       2
       2
       8
       4
       6
       8
      20
      26
      29
      42
      51
      35
      25
      19
      22
      12
      16
      11
      12
       6
       9
       6
       1
       6
       2
       7
       5
       8
       6
       7
       5
       7
      12
       9
      15
      12
      16
      19
      22
      26
      33
      45
      65
      92
     153
     150
     191
     140
     100
      55
      34
      13
       7
       8
       4
       5
       4
       4
      11
       4
       6
       4
      10
       7
      14
      10
       9
       5
       5
       4
       2
       1
       1
       1
       0
       1
       2
       0
       0
       1
       0
       1
       1
       1
       1
       2
       3
       0
       0
       1
       1
       3
       2
       2
       4
       2
       2
       2
       4
       1
       0
       1
       0
       4
       2
       4
       1
       3
       8
       4
       5
       8
      14
      13
      22
      51
      58
      93
     126
     147
     183
     160
     110
      61
      26
      17
       3
       2
       4
       7
       2
       6
       8
       2
       3
       5
       5
       6
       7
      10
       7
      10
       4
       3
       0
       1
       1
       1
       0
       0
       0
       0
       0
       0
       0
       0
       0
       0
       0
       0
       0
       0
       0
       0
       1
       0
       0
       0
       0
       0
       0
       0
       0
       1
       3
       0
       0
       0
       2
       0
       0
       0
       0
       0
       0
       0
       0
       0
       0
       0
       0
       0
       0
       0
       0
       0
       1
       1
       0
       0
       0
       0
       0
       0
       0
       0
       0
       1
       0
       0
       1
       0
       0
       0
       0
       0
       1
       0
       1
       1
       0
       0
       1
       0
       0
       0
       0
       0
       0
       0
       0
       0
       0
       0
       0
       0
       0
       0
       0
       0
       0
       0
       0
       1
       1
       3
       0
       1
       1
       0
       0
       0
       0
       1
       0
       0
       0
       0
       0
       0
       0
       0
       1
       0
       0
       1
       0
       0
       0
       0
       0
       0
       0
       0
       0
       0
       0
       0
       0
       0
       0
       0
       0
       0
       0
       1
       0
       1
       0
       0
       0
       0
       0
       0
       0
       0
       0
       1
       0
       0
       0
       0
       0
       0
       1
       0
       0
       1
       0
       0
       0
       0
       1
       0
       1
       0
       0
       1
       0
       0
       0
       0
       1
       0
       0
       0
       0
       1
       1
       1
       0
       0
       0
       0
       0
       0
       0
       0
       0
       0
       0
       1
       0
       0
       0
       1
       0
       1
       0
       2
       1
       0
       0
       0
       0
       0
       1
       0
       0
       1
       0
       0
       0
       0
       1
       0
       1
       0
       2
       1
       0
       0
       1
       0
       2
       0
       1
       0
       1
       0
       1
       0
       0
       0
       1
       1
       0
       0
       1
       1
       1
       0
       0
       3
       0
       2
       0
       1
       3
       1
       0
       0
       2
       0
       1
       1
       3
       2
       1
       3
       2
       5
       4
      10
      14
      18
      19
      29
      60
      86
     115
      98
     109
      73
      51
      20
       6
       6
       1
       3
       3
       0
       5
       3
       3
       4
       5
       8
      16
      10
       6
       4
       4
       4
       5
       1
       4
       4
       1
       1
       3
       1
       3
       4
       2
       2
       0
       1
       2
       1
       1
       2
       0
       0
       0
       0
       0
       0
       1
       4
       1
       0
       0
       0
       0
       1
       0
       0
       0
       0
       1
       0
       0
       1
       0
       1
       0
       0
       0
       0
       0
       0
       0
       0
       0
       1
       0
       0
       2
       0
       0
       0
       0
       0
       0
       0
       0
       0
       0
       0
       0
       0
       0
       0
       0
       0
       0
       0
       0
       0
       0
       0
       0
       0
       0
       0
       0
       0
       0
       0
       0
       0
       0
       0
       0
       0
       0
       0
       0
       0
       0
       0
       0
       0
       0
       0
       0
       0
       0
       0
       0
       0
       0
       0
       0
       0
       0
       0
       0
       0
       0
       0
       0
       0
       0
       0
       0
       0
       0
       0
       0
       0
       0
       0
       0
       0
       0
       0
       0
       0
       0
       0
       0
       0
       0
       0
       0
       0
       0
       0
       0
       0
       0
       0
       0
       0
       0
       0
       0
       0
       0
       0
       0
       0
       0
       0
       0
       0
       0
       0
       0
       0
       0
       0
       0
       0
       0
       0
       0
       0
       0
       0
       0
       0
       0
       0
       0
       0
       0
       0
       0
       0
       0
       0
       0
       0
       0
       0
       0
       0
       0
       0
       0
       0
       0
       0
       0
       0
       0
       0
       0
       0
       0
       0
       0
       0
       0
       0
       0
       0
       0
       0
       0
       0
       0
       0
       0
       0
       0
       0
       0
       0
       0
       0
       0
       0
       0
       0
       0
       0
       0
       0
       0
       0
       0
       0
       0
       0
       0
       0
       0
       0
       0
       0
       0
       0
       0
       0
       0
       0
       0
       0
       0
       0
       0
       0
       0
       0
       0
       0
       0
       0
       0
       0
       0
       0
       0
       0
       0
       0
       0
       0
       0
       0
       0
       0
       0
       0
       0
       0
       0
       0
       0
       0
       0
       0
       0
       0
       0
       0
       0
       0
       0
       0
       0
       0
       0
       0
       0
       0
       0
       0
       0
       0
       0
       0
       0
       0
       0
       0
       0
       0
       0
       0
       0
       0
       0
       0
       0
       0
       0
       0
       0
       0
       0
       0
       0
       0
       0
       0
       0
       0
       0
       0
       0
       0
       0
       0
       0
       0
       0
       0
       0
       0
       0
       0
       0
       0
       0
       0
       0
       0
       0
       0
       0
       0
       0
       0
       0
       0
       0
       0
       0
       0
       0
       0
       0
       0
       0
       0
       0
       0
       0
       0
       0
       0
       0
       0
       0
       0
       0
       0
       0
       0
       0
       0
       0
       0
       0
       0
       0
       0
       0
       0
       0
       0
       0
       0
       0
       0
       0
       0
       0
       0
       0
       0
       0
       0
       0
       0
       0
       0
       0
       0
       0
       0
       0
       0
       0
       0
       0
       0
       0
       0
       0
       0
       0
       0
       0
       0
       0
       0
       0
       0
       0
       0
       0
       0
       0
       0
       0
       0
       0
       0
       0
       0
       0
       0
       0
       0
       0
       0
       0
       0
       0
       0
       0
       0
       0
       0
       0
       0
       0
       0
       0
       0
       0
       0
       0
       0
       0
       0
       0
       0
       0
       0
       0
       0
       0
       0
       0
       0
       0
       0
       0
       0
       0
       0
       0
       0
       0
       0
       0
       0
       0
       0
       0
       0
       0
       0
       0
       0
       0
       0
       0
       0
       0
       0
       0
       0
       0
       0
       0
       0
       0
       0
       0
       0
       0
       0
       0
       0
       0
       0
       0
       0
       0
       0
       0
       0
       0
       0
       0
       0
       0
       0
       0
       0
       0
       0
       0
       0
       0
       0
       0
       0
       0
       0
       0
       0
       0
       0
       0
       0
       0
       0
       0
       0
       0
       0
       0
       0
       0
       0
       0
       0
       0
       0
       0
       0
       0
       0
       0
       0
       0
       0
       0
       0
       0
       0
       0
       0
       0
       0
       0
       0
       0
       0
       0
       0
       0
       0
       0
       0
       0
       0
       0
       0
       0
       0
       0
       0
       0
       0
       0
       0
       0
       0
       0
       0
       0
       0
       0
       0
       0
       0
       0
       0
       0
       0
       0
       0
       0
       0
       0
       0
       0
       0
       0
       0
       0
       0
       0
       0
       0
       0
       0
       0
       0
       0
       0
       0
       0
       0
       0
       0
       0
       0
       0
       0
       0
       0
       0
       0
       0
       0
       0
       0
       0
       0
       0
       0
       0
       0
       0
       0
       0
       0
       0
       0
       0
       0
       0
       0
       0
       0
       0
       0
       0
       0
       0
       0
       0
       0
       0
       0
       0
       0
       0
       0
       0
       0
       0
       0
       0
       0
       0
       0
       0
       0
       0
       0
       0
       0
       0
       0
       0
       0
       0
       0
       0
       0
       0
       0
       0
       0
       0
       0
       0
       0
       0
       0
       0
       0
       0
       0
$ROI:
4
803 815
842 854
1296 1317
1587 1590
$PRESETS:
Real Time
14400
0
$ENER_FIT:
-18.576502 6.711768
$MCA_CAL:
3
-1.857650E+001 6.711768E+000 9.444169E-006 KeV
$SHAPE_CAL:
3
-9.428778E-001 9.253461E-003 -3.762110E-006
