$SPEC_ID:
No sample description was entered.
$SPEC_REM:
DET# 1
DETDESC# YESUM2222 MCB 25
AP# Maestro Version 6.06
$DATE_MEA:
06/16/2016 13:21:31
$MEAS_TIM:
997 997
$DATA:
0 2047
       0
       0
       0
       0
       0
       0
       0
       0
       0
       0
       0
       0
       0
       3
     176
     219
     163
     168
     151
     174
     145
     136
     122
     140
     154
     183
     163
      93
      90
      82
      83
      65
      63
      60
      33
      48
      57
      40
      26
      27
      24
      14
      20
      15
      15
       8
       9
      16
      16
      10
      10
       8
       5
       9
       4
       5
       7
      10
       7
       2
       8
       8
       6
       7
       7
       4
       4
       0
       1
       1
       0
       0
       1
       2
       2
       1
       0
       0
       2
       1
       2
       1
       0
       0
       0
       0
       1
       3
       1
       0
       2
       1
       0
       0
       0
       0
       2
       0
       0
       3
       1
       2
       0
       3
       3
       1
       0
       1
       1
       1
       1
       0
       0
       1
       1
       0
       0
       0
       2
       2
       0
       1
       2
       0
       0
       2
       0
       0
       0
       1
       1
       0
       0
       0
       2
       2
       0
       0
       3
       0
       1
       2
       1
       0
       0
       1
       0
       0
       1
       2
       0
       1
       0
       1
       1
       2
       0
       1
       0
       2
       0
       0
       0
       1
       1
       0
       1
       1
       1
       0
       0
       2
       1
       0
       0
       0
       0
       1
       1
       0
       1
       0
       0
       0
       0
       1
       0
       1
       0
       2
       1
       0
       0
       1
       0
       0
       1
       1
       1
       2
       0
       0
       0
       0
       1
       2
       0
       3
       3
       0
       1
       2
       2
       0
       1
       1
       1
       1
       0
       0
       1
       0
       0
       1
       0
       2
       1
       0
       1
       0
       0
       0
       0
       0
       0
       1
       1
       1
       0
       1
       0
       0
       0
       0
       2
       0
       1
       0
       0
       0
       1
       1
       2
       0
       1
       0
       1
       0
       1
       2
       0
       0
       1
       1
       1
       2
       1
       0
       0
       1
       0
       0
       0
       0
       0
       1
       0
       1
       0
       0
       0
       1
       2
       2
       1
       0
       3
       0
       1
       3
       1
       0
       2
       0
       1
       1
       1
       0
       0
       0
       1
       0
       1
       1
       0
       0
       1
       2
       1
       0
       1
       0
       1
       0
       0
       1
       0
       0
       2
       0
       1
       0
       0
       0
       2
       2
       0
       2
       5
       2
       0
       0
       0
       0
       0
       1
       1
       0
       0
       0
       1
       0
       1
       0
       1
       2
       2
       0
       0
       1
       0
       2
       1
       1
       2
       0
       1
       0
       0
       1
       0
       0
       1
       1
       1
       1
       1
       1
       0
       0
       1
       0
       0
       2
       2
       2
       1
       0
       0
       1
       2
       1
       0
       1
       2
       2
       1
       0
       1
       1
       0
       2
       0
       1
       1
       2
       0
       0
       1
       1
       1
       0
       0
       2
       0
       0
       0
       0
       1
       2
       0
       1
       0
       2
       3
       0
       2
       1
       2
       0
       0
       1
       2
       0
       1
       1
       2
       0
       0
       1
       0
       1
       0
       1
       2
       2
       2
       1
       4
       0
       0
       1
       0
       2
       0
       1
       1
       1
       2
       0
       1
       0
       1
       1
       0
       1
       0
       1
       0
       0
       0
       0
       1
       3
       2
       0
       2
       2
       1
       0
       1
       1
       0
       0
       0
       0
       1
       2
       0
       1
       1
       1
       2
       2
       1
       1
       1
       2
       1
       2
       1
       4
       1
       2
       2
       1
       2
       3
       1
       3
       0
       0
       1
       1
       2
       1
       1
       3
       3
       1
       1
       0
       4
       4
       3
       2
       0
       0
       1
       1
       0
       3
       2
       5
       0
       4
       3
       5
       3
       4
       1
       1
       2
       4
       2
       2
       4
       2
       2
       8
       1
       2
       3
       4
       6
       2
       8
      11
      10
      13
      15
      15
      19
      18
      16
      18
      25
      23
      21
      36
      29
      26
      24
      23
      39
      35
      34
      33
      34
      52
      48
      63
      60
      49
      61
      56
      54
      49
      55
      35
      32
      29
      23
      17
      18
      14
      11
       9
       4
       4
       7
       3
       3
       2
       3
       2
       4
       3
       4
       4
       2
       7
       6
       3
       8
       5
       7
      12
       9
      13
       6
      15
      21
      29
      19
      35
      42
      55
      58
      51
      61
      62
      63
      69
      72
      62
      57
      51
      45
      44
      42
      26
      19
      17
      13
      10
       8
       6
       3
       0
       4
       1
       0
       1
       1
       2
       3
       0
       0
       1
       0
       3
       0
       0
       2
       1
       3
       3
       4
       0
       3
       1
       1
       0
       3
       4
       1
       3
       3
       1
       3
       0
       1
       3
       3
       5
       4
       5
       5
       5
       8
       9
       6
      12
      14
      12
      11
      21
      15
      22
      20
      17
      23
      11
      20
      23
       6
      14
      17
      11
       8
      11
       5
       4
       1
       3
       5
       3
       4
       4
       3
       9
       6
       4
       2
       4
       6
       4
      12
      11
      18
      14
      17
      31
      32
      23
      46
      47
      54
      64
      66
      67
      68
      62
      67
      61
      49
      33
      30
      27
      29
      22
      11
      10
       6
       2
       6
       4
       3
       0
       1
       1
       1
       3
       1
       1
       1
       3
       1
       1
       4
       1
       3
       1
       2
       2
       3
       1
       2
       4
       3
       0
       5
       2
       0
       2
       2
       2
       1
       1
       2
       2
       1
       1
       2
       4
       3
       1
       2
       1
       3
       4
       2
       3
       3
       6
       2
       3
       1
       2
       7
       6
      15
       8
      12
       6
      15
      21
      24
      27
      30
      40
      36
      49
      52
      53
      52
      57
      55
      53
      65
      47
      50
      39
      40
      23
      20
      14
      14
       5
       3
       4
       1
       5
       1
       4
       4
       0
       2
       3
       3
       1
       0
       4
       0
       2
       2
       4
       2
       3
       5
       4
       2
       3
       2
       0
       1
       1
       2
       5
       5
       5
       1
       1
       1
       0
       3
       5
       4
       2
       2
       0
       2
       1
       4
       1
       4
       3
       2
       0
       3
       2
       0
       1
       3
       4
       4
       2
       2
       2
       3
       4
       1
       3
       1
       2
       1
       1
       2
       5
       5
       4
       3
       7
       9
      10
       5
       5
      10
       8
       6
       6
       2
       2
       0
       1
       0
       2
       4
       2
       1
       1
       2
       1
       4
       1
       4
       5
       1
       1
       4
       0
       1
       2
       3
       2
       2
       3
       2
       3
       2
       4
       2
       1
       0
       3
       0
       3
       0
       1
       0
       0
       0
       0
       0
       1
       1
       1
       0
       3
       0
       0
       0
       1
       1
       1
       2
       1
       1
       2
       1
       1
       0
       0
       0
       0
       0
       0
       0
       0
       1
       0
       2
       2
       1
       0
       1
       1
       0
       0
       2
       1
       3
       1
       1
       4
       1
       3
       1
       3
       0
       2
       3
       0
       0
       1
       4
       4
       4
       1
       2
       6
       7
       7
       1
       0
       3
       1
       0
       1
       0
       0
       0
       0
       0
       1
       0
       0
       0
       1
       0
       1
       0
       0
       0
       0
       0
       0
       0
       0
       0
       0
       1
       1
       2
       0
       0
       0
       0
       2
       1
       0
       1
       0
       0
       0
       0
       1
       0
       0
       0
       0
       0
       0
       1
       0
       0
       0
       0
       0
       0
       0
       0
       0
       0
       2
       0
       0
       1
       0
       0
       0
       3
       0
       0
       1
       0
       0
       0
       1
       0
       0
       3
       2
       0
       0
       0
       0
       1
       0
       0
       0
       0
       0
       1
       1
       0
       0
       0
       2
       0
       0
       0
       1
       2
       0
       0
       2
       0
       2
       2
       1
       0
       1
       1
       1
       0
       0
       1
       1
       1
       0
       1
       0
       0
       2
       5
       5
       1
       2
       4
       4
       4
       8
      11
      14
      28
      20
      33
      31
      30
      30
      44
      35
      44
      35
      34
      32
      18
      18
       8
      14
       6
       8
       3
       2
       2
       1
       1
       0
       0
       0
       0
       0
       0
       0
       0
       0
       0
       0
       0
       0
       0
       0
       0
       0
       0
       0
       0
       0
       0
       0
       0
       0
       0
       0
       0
       0
       0
       0
       0
       0
       0
       0
       0
       0
       0
       0
       0
       0
       0
       0
       0
       0
       0
       0
       0
       0
       0
       0
       0
       0
       0
       1
       0
       0
       0
       0
       0
       0
       0
       0
       0
       0
       0
       0
       0
       0
       0
       0
       0
       0
       0
       0
       0
       0
       0
       1
       0
       0
       0
       0
       0
       0
       1
       0
       0
       0
       0
       0
       0
       0
       0
       0
       0
       0
       0
       0
       1
       2
       1
       0
       0
       0
       2
       0
       0
       1
       0
       0
       2
       0
       0
       2
       0
       1
       0
       0
       0
       0
       1
       0
       2
       1
       2
       0
       1
       0
       0
       0
       2
       1
       1
       4
       2
       0
       4
       1
       7
       6
       7
       7
      10
       5
       3
       2
       1
       2
       0
       3
       4
       4
       3
       3
       3
       1
       0
       0
       2
       1
       1
       0
       1
       1
       0
       1
       0
       0
       0
       1
       0
       1
       0
       1
       0
       0
       0
       0
       0
       0
       2
       1
       0
       0
       0
       0
       0
       0
       0
       0
       0
       0
       0
       0
       0
       1
       0
       0
       0
       0
       0
       0
       0
       0
       0
       0
       0
       0
       0
       0
       0
       0
       0
       0
       0
       0
       0
       0
       0
       0
       0
       0
       0
       0
       0
       0
       0
       0
       0
       0
       0
       0
       0
       0
       0
       0
       0
       0
       0
       0
       0
       0
       0
       0
       0
       0
       0
       0
       0
       0
       0
       0
       0
       0
       0
       0
       0
       0
       0
       0
       0
       0
       0
       0
       0
       0
       0
       0
       0
       0
       0
       0
       0
       0
       0
       0
       0
       0
       0
       0
       0
       0
       0
       0
       0
       0
       0
       0
       0
       0
       0
       0
       0
       0
       0
       0
       0
       0
       0
       0
       0
       0
       0
       0
       0
       0
       0
       0
       0
       0
       0
       0
       0
       0
       0
       0
       0
       0
       0
       0
       0
       0
       0
       0
       0
       0
       0
       0
       0
       0
       0
       0
       0
       0
       0
       0
       0
       0
       0
       0
       0
       0
       0
       0
       0
       0
       0
       0
       0
       0
       0
       0
       0
       0
       0
       0
       0
       0
       0
       0
       0
       0
       0
       0
       0
       0
       0
       0
       0
       0
       0
       0
       0
       0
       0
       0
       0
       0
       0
       0
       0
       0
       0
       0
       0
       0
       0
       0
       0
       0
       0
       0
       0
       0
       0
       0
       0
       0
       0
       0
       0
       0
       0
       0
       0
       0
       0
       0
       0
       0
       0
       0
       0
       0
       0
       0
       0
       0
       0
       0
       0
       0
       0
       0
       0
       0
       0
       0
       0
       0
       0
       0
       0
       0
       0
       0
       0
       0
       0
       0
       0
       0
       0
       0
       0
       0
       0
       0
       0
       0
       0
       0
       0
       0
       0
       0
       0
       0
       0
       0
       0
       0
       0
       0
       0
       0
       0
       0
       0
       0
       0
       0
       0
       0
       0
       0
       0
       0
       0
       0
       0
       0
       0
       0
       0
       0
       0
       0
       0
       0
       0
       0
       0
       0
       0
       0
       0
       0
       0
       0
       0
       0
       0
       0
       0
       0
       0
       0
       0
       0
       0
       0
       0
       0
       0
       0
       0
       0
       0
       0
       0
       0
       0
       0
       0
       0
       0
       0
       0
       0
       0
       0
       0
       0
       0
       0
       0
       0
       0
       0
       0
       0
       0
       0
       0
       0
       0
       0
       0
       0
       0
       0
       0
       0
       0
       0
       0
       0
       0
       0
       0
       0
       0
       0
       0
       0
       0
       0
       0
       0
       0
       0
       0
       0
       0
       0
       0
       0
       0
       0
       0
       0
       0
       0
       0
       0
       0
       0
       0
       0
       0
       0
       0
       0
       0
       0
       0
       0
       0
       0
       0
       0
       0
       0
       0
       0
       0
       0
       0
       0
       0
       0
       0
       0
       0
       0
       0
       0
       0
       0
       0
       0
       0
       0
       0
       0
       0
       0
       0
       0
       0
       0
       0
       0
       0
       0
       0
       0
       0
       0
       0
       0
       0
       0
       0
       0
       0
       0
       0
       0
       0
       0
       0
       0
       0
       0
       0
       0
       0
       0
       0
       0
       0
       0
       0
       0
       0
       0
       0
       0
       0
       0
       0
       0
       0
       0
       0
       0
       0
       0
       0
       0
       0
       0
       0
       0
       0
       0
       0
       0
       0
       0
       0
       0
       0
       0
       0
       0
       0
       0
       0
       0
       0
       0
       0
       0
       0
       0
       0
       0
       0
       0
       0
       0
       0
       0
       0
       0
       0
       0
       0
       0
       0
       0
       0
       0
       0
       0
       0
       0
       0
       0
       0
       0
       0
       0
       0
       0
       0
       0
       0
       0
       0
       0
       0
       0
       0
       0
       0
       0
       0
       0
       0
       0
       0
       0
       0
       0
       0
       0
       0
       0
       0
       0
       0
       0
       0
       0
       0
       0
       0
       0
       0
       0
       0
       0
       0
       0
       0
       0
       0
       0
       0
       0
       0
       0
       0
       0
       0
       0
       0
       0
       0
       0
       0
       0
       0
       0
       0
       0
       0
       0
       0
       0
       0
       0
       0
       0
       0
       0
       0
       0
       0
       0
       0
       0
       0
       0
       0
       0
       0
       0
       0
       0
       0
       0
       0
       0
       0
       0
       0
       0
       0
       0
       0
       0
       0
       0
       0
       0
       0
       0
       0
       0
       0
       0
       0
       0
       0
       0
       0
       0
       0
       0
       0
       0
       0
       0
       0
       0
       0
       0
       0
       0
       0
       0
       0
       0
       0
       0
       0
       0
       0
       0
       0
       0
       0
       0
$ROI:
4
803 815
842 854
1296 1317
1587 1590
$PRESETS:
Real Time
14400
0
$ENER_FIT:
-18.576502 6.711768
$MCA_CAL:
3
-1.857650E+001 6.711768E+000 9.444169E-006 KeV
$SHAPE_CAL:
3
-9.428778E-001 9.253461E-003 -3.762110E-006
