$SPEC_ID:
No sample description was entered.
$SPEC_REM:
DET# 1
DETDESC# YESUM2222 MCB 25
AP# Maestro Version 6.06
$DATE_MEA:
06/16/2016 11:23:00
$MEAS_TIM:
1206 1206
$DATA:
0 2047
       0
       0
       0
       0
       0
       0
       0
       0
       0
       0
       0
       0
       0
      19
     355
     330
     259
     193
     193
     173
     183
     168
     157
     146
     174
     271
     229
     148
     104
      94
      97
      73
      69
      63
      60
      62
      50
      66
      43
      54
      33
      26
      22
      22
      17
      22
      16
      14
      12
      10
      11
      15
      12
      14
      13
       7
       6
       7
       4
       6
       3
       3
       9
       5
       3
       5
       3
       1
       0
       2
       3
       2
       2
       1
       2
       2
       1
       2
       3
       2
       0
       0
       3
       0
       1
       1
       0
       0
       1
       2
       2
       2
       0
       4
       0
       0
       0
       1
       2
       1
       0
       0
       0
       0
       0
       1
       0
       1
       0
       0
       1
       0
       0
       0
       0
       1
       0
       0
       0
       1
       0
       2
       1
       0
       1
       0
       1
       0
       1
       0
       0
       0
       1
       1
       1
       1
       1
       0
       2
       0
       1
       3
       1
       1
       1
       0
       0
       1
       0
       0
       0
       0
       3
       2
       0
       4
       0
       0
       1
       0
       2
       0
       0
       0
       1
       0
       0
       4
       0
       0
       1
       0
       0
       0
       0
       0
       0
       0
       1
       1
       1
       0
       2
       0
       1
       0
       1
       0
       0
       0
       1
       2
       1
       1
       2
       1
       0
       3
       1
       0
       1
       1
       1
       1
       0
       1
       1
       0
       0
       3
       0
       2
       0
       0
       0
       0
       2
       2
       1
       1
       0
       1
       3
       1
       2
       1
       2
       0
       0
       0
       2
       2
       0
       0
       0
       0
       0
       0
       0
       0
       0
       1
       0
       1
       4
       0
       0
       1
       0
       1
       1
       0
       1
       1
       1
       0
       1
       0
       1
       1
       1
       1
       0
       2
       1
       1
       0
       0
       3
       1
       2
       1
       3
       0
       0
       0
       0
       2
       4
       0
       0
       0
       0
       0
       1
       1
       1
       0
       1
       2
       3
       0
       0
       1
       0
       0
       2
       1
       0
       1
       0
       2
       2
       1
       1
       0
       1
       0
       0
       0
       3
       2
       0
       0
       1
       1
       0
       1
       0
       0
       0
       0
       0
       0
       2
       1
       3
       1
       2
       0
       1
       0
       0
       1
       1
       3
       0
       0
       0
       0
       0
       1
       1
       1
       0
       0
       1
       3
       1
       1
       1
       1
       0
       1
       0
       0
       1
       2
       1
       0
       0
       2
       3
       2
       1
       1
       0
       0
       0
       1
       0
       1
       3
       1
       2
       0
       1
       1
       1
       2
       1
       0
       1
       2
       0
       2
       1
       1
       1
       0
       0
       0
       0
       0
       2
       1
       0
       1
       1
       0
       2
       1
       0
       1
       1
       0
       1
       0
       0
       1
       1
       2
       0
       0
       0
       1
       0
       1
       0
       0
       2
       1
       0
       0
       1
       2
       0
       0
       1
       2
       1
       1
       1
       1
       1
       0
       2
       3
       2
       0
       2
       0
       1
       0
       1
       1
       4
       3
       3
       2
       0
       2
       0
       0
       0
       1
       0
       0
       1
       1
       0
       0
       1
       2
       1
       1
       0
       0
       0
       0
       0
       0
       1
       1
       0
       0
       1
       2
       1
       1
       1
       0
       0
       1
       0
       1
       2
       0
       0
       0
       2
       1
       2
       2
       2
       1
       1
       1
       1
       0
       1
       1
       0
       0
       2
       1
       1
       4
       1
       1
       1
       1
       0
       2
       1
       0
       0
       0
       0
       1
       2
       0
       1
       0
       3
       1
       1
       0
       1
       2
       1
       0
       1
       2
       1
       1
       1
       1
       2
       2
       1
       1
       1
       1
       0
       1
       0
       1
       0
       1
       1
       2
       0
       0
       2
       1
       0
       1
       1
       1
       0
       1
       1
       0
       2
       1
       1
       1
       3
       2
       0
       0
       2
       2
       5
       2
       0
       1
       0
       1
       2
       1
       2
       1
       0
       2
       1
       2
       3
       0
       1
       0
       1
       3
       3
       2
       1
       2
       5
       0
       1
       3
       1
       1
       0
       4
       0
       2
       1
       0
       2
       0
       0
       2
       1
       2
       2
       0
       3
       2
       1
       2
       1
       1
       0
       0
       1
       2
       1
       1
       1
       1
       2
       1
       2
       0
       3
       3
       1
       2
       0
       2
       2
       1
       0
       2
       1
       1
       3
       0
       2
       4
       3
       1
       5
       4
       0
       2
       2
       1
       1
       1
       0
       1
       1
       0
       3
       3
       2
       1
       1
       2
       2
       2
       0
       1
       4
       1
       1
       2
       5
       4
       2
       0
       1
       0
       3
       2
       3
       3
       1
       2
       2
       1
       0
       1
       2
       2
       1
       6
       2
       1
       5
       3
       1
       3
       1
       2
       2
       4
       6
       2
       1
       3
       3
       1
       1
       4
       3
       3
       6
       4
       2
       5
       3
       7
       4
       4
       3
       1
       3
       3
       4
       6
       3
       2
       3
       5
       4
       7
       7
       6
       9
      12
      18
      23
      25
      40
      43
      52
      57
      67
      52
      35
      34
      28
      21
      39
      34
      60
      87
     100
     148
     150
     156
     144
      90
      52
      28
      16
      12
       6
       3
       3
       1
       1
       3
       4
       4
       2
       4
       4
       6
       5
       2
       3
       2
       4
       6
       6
       4
       5
      13
       9
      14
      16
      24
      41
      48
      61
     111
     131
     156
     202
     207
     177
     135
      71
      48
      16
       7
       7
       3
       1
       3
       5
       2
       4
       4
       2
       0
       0
       2
       5
       5
       4
       1
       4
       0
       1
       3
       1
       1
       4
       1
       2
       5
       1
       1
       2
       1
       1
       3
       1
       4
       4
       0
       4
       1
       7
       5
       9
       9
       8
      15
      19
      20
      32
      31
      41
      34
      43
      29
      26
      29
      27
      20
      14
      13
       7
       4
       5
       8
       3
       3
       3
       1
       3
       3
       4
       6
       4
       3
       4
       8
       8
       9
      14
      15
      19
      22
      43
      38
      79
     106
     131
     159
     146
     129
      94
      69
      33
      17
      14
       5
      13
      11
      12
       7
      11
       7
       5
       3
       7
       5
       5
       3
       4
       4
       3
       2
       6
       1
       2
       4
       3
       2
       4
       4
       2
       6
       5
      10
       4
       3
       3
       5
       8
       7
       7
       3
       6
       4
       0
       1
       4
       1
       2
       2
       0
       3
       0
       2
       5
       3
       3
       5
       9
       8
       2
       6
       7
       7
       8
      18
      13
      34
      52
      84
      89
     135
     145
     165
     138
      92
      84
      32
      16
      10
       9
       6
       7
       5
       7
       1
       1
       7
       2
       6
       3
       5
       4
       1
       4
       3
       6
       1
       1
       0
       3
       3
       1
       2
       1
       1
       4
       3
       2
       3
       5
       5
       4
      16
       7
       3
       2
       1
       0
       0
       0
       0
       0
       3
       0
       0
       1
       0
       1
       1
       0
       0
       0
       0
       0
       0
       0
       0
       0
       1
       0
       1
       0
       0
       1
       1
       0
       0
       0
       0
       0
       0
       0
       1
       1
       0
       0
       0
       1
       0
       0
       1
       0
       1
       1
       1
       0
       0
       0
       1
       0
       0
       0
       1
       0
       1
       0
       1
       0
       0
       0
       0
       0
       0
       3
       0
       1
       0
       1
       0
       0
       0
       0
       0
       1
       0
       0
       0
       0
       1
       0
       0
       2
       0
       0
       0
       0
       1
       0
       0
       0
       0
       0
       0
       0
       0
       0
       1
       0
       0
       0
       0
       0
       0
       0
       0
       0
       1
       0
       0
       0
       0
       0
       0
       0
       0
       0
       0
       1
       0
       0
       0
       0
       0
       0
       0
       0
       0
       0
       1
       0
       0
       0
       0
       1
       0
       1
       0
       3
       0
       0
       1
       0
       0
       0
       0
       0
       1
       2
       0
       0
       0
       0
       1
       0
       0
       0
       0
       0
       1
       0
       0
       0
       0
       1
       1
       0
       0
       0
       0
       0
       0
       0
       1
       1
       0
       0
       1
       1
       0
       0
       1
       0
       2
       0
       0
       1
       1
       1
       1
       0
       0
       1
       0
       0
       0
       0
       1
       0
       0
       0
       0
       1
       0
       1
       0
       0
       1
       0
       1
       0
       0
       0
       0
       1
       0
       2
       1
       0
       0
       0
       1
       0
       0
       0
       0
       1
       0
       1
       1
       0
       2
       0
       0
       1
       0
       1
       5
       0
       3
       0
       1
       2
       4
       4
       6
       2
       3
       2
       7
      16
      16
      19
      36
      44
      61
      78
     104
      79
      81
      71
      49
      26
       7
       7
       0
       1
       0
       1
       0
       2
       1
       1
       2
       0
       1
       0
       0
       1
       2
       3
       2
       4
       2
       4
       5
       1
       0
       1
       9
       8
      15
      14
      15
      17
       6
       3
       6
       2
       1
       2
       6
       1
       2
       3
       2
       1
       1
       2
       1
       3
       0
       2
       2
       1
       1
       1
       1
       1
       0
       0
       0
       2
       1
       1
       1
       0
       0
       0
       1
       0
       0
       0
       0
       1
       0
       0
       1
       0
       0
       0
       0
       0
       0
       0
       0
       0
       0
       0
       0
       0
       0
       0
       1
       0
       0
       0
       0
       0
       0
       0
       0
       0
       0
       1
       0
       0
       0
       0
       0
       0
       0
       0
       0
       0
       0
       0
       0
       0
       0
       0
       0
       0
       0
       0
       0
       0
       0
       0
       0
       0
       0
       0
       0
       0
       0
       0
       0
       0
       0
       0
       0
       0
       0
       0
       0
       0
       0
       0
       0
       0
       0
       0
       0
       0
       0
       0
       0
       0
       0
       0
       0
       0
       0
       0
       0
       0
       0
       0
       0
       0
       0
       0
       0
       0
       0
       0
       0
       0
       0
       0
       0
       0
       0
       0
       0
       0
       0
       0
       0
       0
       0
       0
       0
       0
       0
       0
       0
       0
       0
       0
       0
       0
       0
       0
       0
       0
       0
       0
       0
       0
       0
       0
       0
       0
       0
       0
       0
       0
       0
       0
       0
       0
       0
       0
       0
       0
       0
       0
       0
       0
       0
       0
       0
       0
       0
       0
       0
       0
       0
       0
       0
       0
       0
       0
       0
       0
       0
       0
       0
       0
       0
       0
       0
       0
       0
       0
       0
       0
       0
       0
       0
       0
       0
       0
       0
       0
       0
       0
       0
       0
       0
       0
       0
       0
       0
       0
       0
       0
       0
       0
       0
       0
       0
       0
       0
       0
       0
       0
       0
       0
       0
       0
       0
       0
       0
       0
       0
       0
       0
       0
       0
       0
       0
       0
       0
       0
       0
       0
       0
       0
       0
       0
       0
       0
       0
       0
       0
       0
       0
       0
       0
       0
       0
       0
       0
       0
       0
       0
       0
       0
       0
       0
       0
       0
       0
       0
       0
       0
       0
       0
       0
       0
       0
       0
       0
       0
       0
       0
       0
       0
       0
       0
       0
       0
       0
       0
       0
       0
       0
       0
       0
       0
       0
       0
       0
       0
       0
       0
       0
       0
       0
       0
       0
       0
       0
       0
       0
       0
       0
       0
       0
       0
       0
       0
       0
       0
       0
       0
       0
       0
       0
       0
       0
       0
       0
       0
       0
       0
       0
       0
       0
       0
       0
       0
       0
       0
       0
       0
       0
       0
       0
       0
       0
       0
       0
       0
       0
       0
       0
       0
       0
       0
       0
       0
       0
       0
       0
       0
       0
       0
       0
       0
       0
       0
       0
       0
       0
       0
       0
       0
       0
       0
       0
       0
       0
       0
       0
       0
       0
       0
       0
       0
       0
       0
       0
       0
       0
       0
       0
       0
       0
       0
       0
       0
       0
       0
       0
       0
       0
       0
       0
       0
       0
       0
       0
       0
       0
       0
       0
       0
       0
       0
       0
       0
       0
       0
       0
       0
       0
       0
       0
       0
       0
       0
       0
       0
       0
       0
       0
       0
       0
       0
       0
       0
       0
       0
       0
       0
       0
       0
       0
       0
       0
       0
       0
       0
       0
       0
       0
       0
       0
       0
       0
       0
       0
       0
       0
       0
       0
       0
       0
       0
       0
       0
       0
       0
       0
       0
       0
       0
       0
       0
       0
       0
       0
       0
       0
       0
       0
       0
       0
       0
       0
       0
       0
       0
       0
       0
       0
       0
       0
       0
       0
       0
       0
       0
       0
       0
       0
       0
       0
       0
       0
       0
       0
       0
       0
       0
       0
       0
       0
       0
       0
       0
       0
       0
       0
       0
       0
       0
       0
       0
       0
       0
       0
       0
       0
       0
       0
       0
       0
       0
       0
       0
       0
       0
       0
       0
       0
       0
       0
       0
       0
       0
       0
       0
       0
       0
       0
       0
       0
       0
       0
       0
       0
       0
       0
       0
       0
       0
       0
       0
       0
       0
       0
       0
       0
       0
       0
       0
       0
       0
       0
       0
       0
       0
       0
       0
       0
       0
       0
       0
       0
       0
       0
       0
       0
       0
       0
       0
       0
       0
       0
       0
       0
       0
       0
       0
       0
       0
       0
       0
       0
       0
       0
       0
       0
       0
       0
       0
       0
       0
       0
       0
       0
       0
       0
       0
       0
       0
       0
       0
       0
       0
       0
       0
       0
       0
       0
       0
       0
       0
       0
       0
       0
       0
       0
       0
       0
       0
       0
       0
       0
       0
       0
       0
       0
       0
       0
       0
       0
       0
       0
       0
       0
       0
       0
       0
       0
       0
       0
       0
       0
       0
       0
       0
       0
       0
       0
       0
       0
       0
       0
       0
       0
       0
       0
       0
       0
       0
       0
       0
       0
       0
       0
       0
       0
       0
       0
       0
       0
       0
       0
       0
       0
       0
       0
       0
$ROI:
4
803 815
842 854
1296 1317
1587 1590
$PRESETS:
Real Time
14400
0
$ENER_FIT:
-18.576502 6.711768
$MCA_CAL:
3
-1.857650E+001 6.711768E+000 9.444169E-006 KeV
$SHAPE_CAL:
3
-9.428778E-001 9.253461E-003 -3.762110E-006
