$SPEC_ID:
No sample description was entered.
$SPEC_REM:
DET# 1
DETDESC# YESUM2222 MCB 25
AP# Maestro Version 6.06
$DATE_MEA:
06/16/2016 13:48:51
$MEAS_TIM:
766 767
$DATA:
0 2047
       0
       0
       0
       0
       0
       0
       0
       0
       0
       0
       0
       0
       0
       0
     119
     166
     125
     120
      96
     106
     101
     109
      97
     136
     146
     114
     105
      65
      59
      43
      60
      53
      36
      37
      29
      37
      42
      28
      20
      20
      21
      17
      15
      14
      13
      10
      12
      10
       6
       8
       5
       8
       8
       8
       6
       1
       5
       3
       3
       9
       4
       1
       3
       0
       1
       3
       4
       4
       3
       2
       1
       1
       2
       3
       0
       2
       2
       1
       1
       1
       2
       1
       1
       0
       0
       0
       2
       2
       1
       1
       0
       0
       1
       0
       2
       0
       0
       0
       2
       2
       1
       0
       0
       0
       0
       0
       0
       0
       0
       0
       1
       1
       1
       0
       0
       0
       0
       0
       3
       0
       1
       1
       2
       1
       0
       0
       1
       1
       0
       1
       0
       2
       2
       2
       1
       0
       0
       0
       0
       1
       2
       1
       0
       1
       0
       0
       1
       0
       0
       1
       2
       1
       1
       0
       0
       0
       0
       1
       1
       1
       0
       0
       0
       0
       2
       2
       0
       0
       0
       0
       4
       1
       1
       1
       3
       0
       2
       1
       0
       1
       1
       1
       0
       0
       0
       2
       1
       0
       1
       2
       1
       3
       0
       0
       0
       1
       2
       0
       0
       0
       0
       0
       0
       0
       2
       2
       1
       0
       2
       0
       1
       1
       1
       0
       2
       0
       0
       0
       4
       2
       1
       0
       1
       1
       2
       2
       2
       0
       1
       1
       1
       1
       2
       1
       2
       1
       0
       1
       1
       0
       0
       0
       1
       0
       0
       0
       3
       1
       3
       5
       3
       1
       5
       2
       1
       2
       0
       0
       4
       4
       1
       2
       3
       2
       3
       6
       0
       2
       2
       0
       3
       5
       3
       4
       4
       4
       3
       4
       4
       2
       2
       7
       4
       5
       8
      12
      13
       5
      14
       9
      16
      13
       9
       8
       9
       7
      13
      14
      14
      17
      11
      19
      26
      16
      18
      16
      26
      28
      17
      21
      17
      16
      20
      15
      23
      16
      20
      20
      23
      25
      21
      19
      18
      16
      21
      20
      22
      20
      24
      23
      20
      15
      15
      15
       8
      11
      14
      10
       7
      14
       8
       5
       6
       1
       4
       4
       7
       4
       4
       5
       1
       2
       3
       6
       2
       3
       0
       4
       4
       5
       6
       4
       4
       4
       6
       9
       5
       7
       4
       8
       8
      10
       5
      12
       9
      18
      18
      23
      19
      20
      24
      15
      23
      21
      24
      33
      30
      45
      31
      30
      35
      32
      27
      39
      20
      22
      19
      19
      27
      27
      29
      14
      14
      14
      13
      13
      11
       6
       2
       7
       1
       1
       2
       5
       1
       2
       2
       1
       1
       2
       1
       2
       2
       0
       0
       0
       1
       0
       0
       1
       3
       0
       0
       1
       0
       1
       1
       0
       2
       2
       0
       1
       0
       1
       1
       0
       0
       0
       0
       1
       3
       0
       1
       1
       1
       0
       2
       1
       2
       1
       3
       3
       5
       5
       3
       2
       5
       4
       8
       2
      10
       8
       4
       7
       6
      11
       9
      10
       5
      11
       7
       6
      16
       6
      12
       5
      10
       7
       6
       4
       5
       7
       7
       5
       1
       4
       1
       5
       0
       1
       4
       1
       5
       1
       1
       4
       6
       7
       3
       7
       8
       4
       7
       3
       8
      10
      15
       7
      11
      17
      17
      17
      15
      14
      15
      27
      28
      30
      29
      25
      28
      36
      25
      30
      34
      25
      27
      20
      22
      31
      22
      23
       9
       6
      10
      11
       7
       3
       3
       5
       5
       2
       2
       1
       1
       1
       3
       0
       0
       1
       0
       0
       0
       1
       2
       2
       1
       0
       0
       1
       1
       0
       0
       0
       1
       1
       5
       2
       0
       3
       1
       0
       3
       0
       2
       1
       2
       3
       1
       2
       1
       2
       2
       1
       3
       1
       2
       2
       1
       2
       0
       1
       2
       2
       3
       3
       3
       1
       3
       0
       4
       2
       2
       5
       3
       3
       4
       3
       2
      10
      10
      15
       8
       6
      18
      19
      22
      17
      13
      18
      19
      23
      32
      30
      22
      22
      28
      34
      21
      32
      30
      27
      24
      22
      12
      22
      14
      13
      13
       8
       5
      10
       3
       5
       3
       2
       0
       2
       1
       0
       0
       1
       1
       1
       1
       1
       0
       2
       0
       0
       0
       0
       1
       2
       1
       1
       2
       2
       1
       1
       2
       3
       3
       0
       0
       0
       0
       1
       1
       0
       1
       1
       0
       0
       1
       0
       1
       0
       1
       2
       0
       0
       1
       0
       0
       0
       1
       0
       0
       2
       0
       1
       1
       0
       0
       1
       0
       2
       0
       1
       0
       0
       1
       1
       1
       0
       2
       0
       1
       1
       1
       1
       0
       1
       2
       3
       1
       0
       1
       2
       2
       0
       0
       2
       0
       0
       0
       2
       0
       0
       2
       1
       0
       0
       0
       2
       1
       1
       0
       2
       0
       1
       0
       1
       1
       0
       0
       0
       2
       1
       1
       0
       0
       2
       0
       2
       0
       0
       1
       1
       2
       1
       2
       4
       0
       0
       2
       1
       0
       1
       0
       1
       0
       2
       0
       0
       1
       0
       1
       2
       1
       1
       1
       4
       0
       0
       0
       1
       0
       0
       0
       4
       2
       2
       0
       2
       0
       0
       0
       1
       0
       1
       0
       0
       1
       0
       1
       0
       0
       1
       1
       1
       1
       0
       1
       1
       1
       0
       2
       1
       2
       0
       0
       1
       3
       0
       1
       1
       0
       1
       6
       3
       1
       3
       1
       0
       0
       1
       0
       2
       1
       0
       0
       0
       2
       0
       2
       1
       0
       1
       1
       5
       1
       1
       4
       1
       0
       1
       0
       2
       2
       0
       2
       0
       0
       1
       3
       2
       1
       1
       0
       1
       0
       0
       2
       1
       2
       4
       4
       1
       1
       4
       2
       6
       4
       3
       4
       6
       2
       4
       7
       2
       2
       1
       2
       4
       1
       0
       1
       2
       1
       3
       1
       0
       3
       0
       2
       4
       2
       2
       3
       0
       0
       2
       1
       2
       0
       1
       0
       1
       2
       2
       1
       0
       1
       2
       0
       1
       0
       0
       0
       0
       1
       1
       1
       0
       1
       1
       1
       1
       2
       0
       1
       0
       0
       0
       0
       3
       2
       0
       0
       1
       0
       0
       2
       0
       0
       0
       1
       0
       0
       0
       0
       1
       1
       1
       2
       2
       1
       0
       1
       1
       1
       0
       1
       1
       2
       5
       1
       3
       1
       3
       7
       5
       3
      11
       7
       9
      13
      18
      17
      20
      30
      29
      21
      24
      21
      24
      22
      21
      20
      20
      19
      14
      16
      17
      10
       8
       6
       3
       4
       3
       3
       5
       0
       1
       1
       0
       1
       0
       0
       0
       0
       0
       0
       0
       0
       0
       0
       0
       0
       1
       0
       0
       0
       0
       0
       0
       0
       0
       0
       0
       0
       0
       0
       0
       0
       0
       0
       0
       1
       0
       0
       0
       0
       0
       0
       0
       0
       0
       0
       0
       0
       0
       0
       0
       0
       0
       0
       0
       0
       0
       0
       0
       0
       0
       0
       1
       0
       0
       0
       0
       0
       0
       0
       0
       0
       0
       0
       0
       0
       0
       0
       0
       0
       0
       0
       0
       0
       0
       0
       0
       0
       0
       0
       0
       0
       0
       0
       0
       0
       0
       0
       0
       0
       0
       0
       0
       0
       0
       0
       0
       0
       0
       0
       0
       0
       0
       0
       0
       0
       0
       0
       0
       0
       0
       0
       0
       0
       0
       0
       0
       0
       0
       0
       0
       0
       0
       0
       0
       1
       0
       0
       0
       0
       0
       0
       0
       0
       0
       0
       0
       0
       0
       1
       0
       0
       0
       0
       0
       0
       1
       0
       0
       0
       0
       0
       0
       0
       0
       0
       0
       0
       0
       0
       1
       0
       0
       0
       0
       0
       0
       0
       0
       0
       0
       0
       1
       0
       0
       0
       0
       0
       0
       0
       0
       0
       0
       1
       0
       0
       0
       0
       0
       0
       0
       0
       0
       0
       2
       0
       0
       0
       1
       0
       0
       0
       0
       0
       0
       0
       0
       1
       0
       0
       0
       0
       0
       0
       0
       0
       0
       0
       0
       0
       0
       0
       0
       0
       0
       1
       1
       0
       0
       0
       0
       0
       0
       0
       0
       0
       0
       0
       0
       0
       1
       0
       1
       0
       0
       0
       0
       0
       0
       0
       1
       0
       1
       0
       2
       2
       0
       1
       1
       2
       2
       2
       1
       6
       4
       8
       5
       7
       7
       2
       2
       2
       0
       1
       0
       3
       3
       0
       3
       1
       2
       2
       0
       2
       1
       0
       1
       3
       4
       0
       0
       0
       0
       1
       3
       2
       0
       0
       1
       0
       0
       0
       0
       3
       2
       0
       0
       0
       1
       0
       1
       0
       0
       0
       0
       0
       0
       0
       0
       0
       0
       0
       0
       0
       0
       0
       0
       0
       0
       0
       0
       0
       0
       1
       0
       0
       0
       0
       0
       0
       0
       0
       0
       0
       0
       0
       0
       0
       0
       0
       0
       0
       0
       0
       0
       0
       0
       0
       0
       0
       0
       0
       0
       0
       0
       0
       0
       0
       0
       0
       0
       0
       0
       0
       0
       0
       0
       0
       0
       0
       0
       0
       0
       0
       0
       0
       0
       0
       0
       0
       0
       0
       0
       0
       0
       0
       0
       0
       0
       0
       0
       0
       0
       0
       0
       0
       0
       0
       0
       0
       0
       0
       0
       0
       0
       0
       0
       0
       0
       0
       0
       0
       0
       0
       0
       0
       0
       0
       0
       0
       0
       0
       0
       0
       0
       0
       0
       0
       0
       0
       0
       0
       0
       0
       0
       0
       0
       0
       0
       0
       0
       0
       0
       0
       0
       0
       0
       0
       0
       0
       0
       0
       0
       0
       0
       0
       0
       0
       0
       0
       0
       0
       0
       0
       0
       0
       0
       0
       0
       0
       0
       0
       0
       0
       0
       0
       0
       0
       0
       0
       0
       0
       0
       0
       0
       0
       0
       0
       0
       0
       0
       0
       0
       0
       0
       0
       0
       0
       0
       0
       0
       0
       0
       0
       0
       0
       0
       0
       0
       0
       0
       0
       0
       0
       0
       0
       0
       0
       0
       0
       0
       0
       0
       0
       0
       0
       0
       0
       0
       0
       0
       0
       0
       0
       0
       0
       0
       0
       0
       0
       0
       0
       0
       0
       0
       0
       0
       0
       0
       0
       0
       0
       0
       0
       0
       0
       0
       0
       0
       0
       0
       0
       0
       0
       0
       0
       0
       0
       0
       0
       0
       0
       0
       0
       0
       0
       0
       0
       0
       0
       0
       0
       0
       0
       0
       0
       0
       0
       0
       0
       0
       0
       0
       0
       0
       0
       0
       0
       0
       0
       0
       0
       0
       0
       0
       0
       0
       0
       0
       0
       0
       0
       0
       0
       0
       0
       0
       0
       0
       0
       0
       0
       0
       0
       0
       0
       0
       0
       0
       0
       0
       0
       0
       0
       0
       0
       0
       0
       0
       0
       0
       0
       0
       0
       0
       0
       0
       0
       0
       0
       0
       0
       0
       0
       0
       0
       0
       0
       0
       0
       0
       0
       0
       0
       0
       0
       0
       0
       0
       0
       0
       0
       0
       0
       0
       0
       0
       0
       0
       0
       0
       0
       0
       0
       0
       0
       0
       0
       0
       0
       0
       0
       0
       0
       0
       0
       0
       0
       0
       0
       0
       0
       0
       0
       0
       0
       0
       0
       0
       0
       0
       0
       0
       0
       0
       0
       0
       0
       0
       0
       0
       0
       0
       0
       0
       0
       0
       0
       0
       0
       0
       0
       0
       0
       0
       0
       0
       0
       0
       0
       0
       0
       0
       0
       0
       0
       0
       0
       0
       0
       0
       0
       0
       0
       0
       0
       0
       0
       0
       0
       0
       0
       0
       0
       0
       0
       0
       0
       0
       0
       0
       0
       0
       0
       0
       0
       0
       0
       0
       0
       0
       0
       0
       0
       0
       0
       0
       0
       0
       0
       0
       0
       0
       0
       0
       0
       0
       0
       0
       0
       0
       0
       0
       0
       0
       0
       0
       0
       0
       0
       0
       0
       0
       0
       0
       0
       0
       0
       0
       0
       0
       0
       0
       0
       0
       0
       0
       0
       0
       0
       0
       0
       0
       0
       0
       0
       0
       0
       0
       0
       0
       0
       0
       0
       0
       0
       0
       0
       0
       0
       0
       0
       0
       0
       0
       0
       0
       0
       0
       0
       0
       0
       0
       0
       0
       0
       0
       0
       0
       0
       0
       0
       0
       0
       0
       0
       0
       0
       0
       0
       0
       0
       0
       0
       0
       0
       0
       0
       0
       0
       0
       0
       0
       0
       0
       0
       0
       0
       0
       0
       0
       0
       0
       0
       0
       0
       0
       0
       0
       0
       0
       0
       0
       0
       0
       0
       0
       0
       0
       0
       0
       0
       0
       0
       0
       0
       0
       0
       0
       0
       0
       0
       0
       0
       0
       0
       0
       0
       0
       0
       0
       0
       0
       0
       0
       0
       0
       0
       0
       0
       0
       0
       0
       0
       0
       0
       0
       0
       0
       0
       0
       0
       0
       0
       0
       0
       0
       0
       0
       0
       0
       0
       0
       0
       0
       0
       0
       0
       0
       0
       0
       0
       0
       0
       0
       0
       0
       0
       0
       0
       0
       0
       0
$ROI:
4
803 815
842 854
1296 1317
1587 1590
$PRESETS:
Real Time
14400
0
$ENER_FIT:
-18.576502 6.711768
$MCA_CAL:
3
-1.857650E+001 6.711768E+000 9.444169E-006 KeV
$SHAPE_CAL:
3
-9.428778E-001 9.253461E-003 -3.762110E-006
