$SPEC_ID:
No sample description was entered.
$SPEC_REM:
DET# 1
DETDESC# YESUM2222 MCB 25
AP# Maestro Version 6.06
$DATE_MEA:
06/16/2016 11:48:16
$MEAS_TIM:
1004 1004
$DATA:
0 2047
       0
       0
       0
       0
       0
       0
       0
       0
       0
       0
       0
       0
       0
      17
     223
     245
     211
     178
     159
     171
     160
     139
     117
      97
     173
     211
     182
     115
      67
      87
      67
      46
      60
      62
      55
      48
      41
      50
      32
      27
      26
      38
      19
      28
      18
      14
      11
      15
      11
      12
      11
      12
      11
       7
       1
       7
       3
       4
       2
       6
       9
       4
       7
       2
       0
       3
       3
       1
       3
       4
       2
       3
       1
       2
       4
       2
       1
       3
       2
       0
       2
       1
       0
       0
       1
       0
       2
       1
       0
       1
       0
       1
       0
       0
       0
       0
       1
       0
       2
       1
       0
       0
       1
       0
       0
       2
       0
       0
       2
       0
       1
       0
       1
       1
       0
       0
       0
       0
       2
       2
       0
       1
       0
       0
       2
       1
       1
       0
       1
       0
       0
       0
       0
       0
       0
       1
       0
       0
       0
       2
       0
       1
       2
       0
       0
       0
       0
       1
       0
       2
       1
       2
       2
       1
       0
       1
       1
       1
       1
       2
       0
       0
       2
       0
       1
       1
       2
       1
       0
       0
       0
       0
       1
       3
       0
       0
       0
       0
       0
       2
       0
       1
       0
       0
       0
       0
       1
       0
       0
       1
       0
       0
       0
       1
       0
       0
       0
       1
       0
       1
       0
       1
       2
       1
       1
       0
       0
       0
       0
       2
       0
       0
       1
       1
       1
       0
       0
       2
       2
       0
       2
       0
       2
       0
       2
       0
       0
       1
       1
       0
       1
       0
       1
       1
       0
       2
       1
       1
       3
       1
       0
       1
       1
       0
       1
       0
       1
       2
       0
       0
       0
       1
       0
       0
       2
       0
       0
       0
       0
       0
       1
       1
       1
       0
       1
       2
       0
       1
       0
       0
       2
       4
       0
       0
       1
       1
       2
       0
       1
       1
       0
       1
       0
       0
       0
       1
       0
       1
       1
       1
       0
       1
       0
       0
       0
       0
       0
       0
       0
       1
       1
       0
       1
       1
       1
       1
       0
       1
       0
       0
       0
       1
       0
       3
       2
       0
       0
       1
       2
       2
       1
       2
       2
       2
       3
       1
       0
       0
       0
       0
       0
       0
       1
       1
       0
       0
       1
       0
       1
       1
       0
       0
       0
       3
       1
       0
       0
       2
       1
       1
       0
       1
       0
       0
       1
       0
       1
       2
       2
       0
       1
       0
       0
       0
       0
       1
       0
       1
       1
       1
       2
       2
       2
       1
       1
       1
       1
       0
       0
       0
       2
       0
       0
       1
       0
       0
       0
       1
       0
       1
       0
       0
       0
       0
       0
       1
       1
       0
       1
       0
       1
       1
       1
       2
       1
       0
       0
       0
       1
       0
       1
       2
       0
       0
       0
       0
       1
       0
       0
       2
       1
       2
       1
       2
       3
       0
       1
       0
       1
       1
       0
       0
       1
       2
       0
       0
       0
       0
       1
       3
       1
       0
       1
       1
       1
       0
       1
       1
       0
       0
       0
       0
       0
       0
       2
       1
       1
       2
       2
       0
       2
       1
       1
       2
       1
       1
       1
       0
       0
       0
       1
       1
       0
       0
       2
       1
       0
       3
       1
       0
       0
       2
       0
       0
       0
       2
       0
       0
       1
       0
       1
       0
       1
       1
       1
       1
       0
       0
       4
       0
       0
       1
       0
       1
       3
       1
       1
       0
       0
       2
       1
       1
       1
       2
       0
       0
       1
       3
       0
       3
       0
       0
       0
       2
       0
       0
       0
       0
       0
       1
       6
       0
       1
       2
       0
       1
       0
       2
       1
       2
       0
       3
       0
       1
       0
       0
       0
       1
       2
       2
       1
       2
       3
       2
       0
       0
       1
       1
       1
       1
       0
       1
       1
       3
       1
       0
       2
       2
       1
       1
       2
       1
       1
       2
       1
       1
       1
       0
       2
       0
       0
       1
       3
       0
       3
       2
       0
       2
       1
       2
       0
       3
       1
       2
       3
       0
       1
       0
       0
       2
       2
       1
       1
       2
       2
       2
       1
       3
       1
       2
       4
       2
       1
       2
       2
       2
       1
       1
       5
       2
       2
       1
       0
       1
       0
       3
       1
       0
       2
       0
       3
       0
       3
       2
       1
       1
       1
       2
       1
       0
       0
       0
       1
       5
       2
       4
       1
       2
       2
       1
       4
       0
       0
       3
       1
       1
       1
       2
       1
       4
       1
       4
       2
       2
       3
       3
       2
       3
       2
       2
       2
       3
       6
       2
       4
       2
       1
       1
       5
       5
       2
       6
       6
       8
       7
      15
      14
      19
      26
      25
      28
      31
      46
      21
      38
      34
      38
      26
      24
      36
      39
      50
      53
      67
      86
      74
      86
      83
      92
      67
      61
      38
      37
      15
       6
       3
       4
       4
       4
       0
       2
       1
       0
       2
       1
       5
       1
       0
       0
       3
       3
       3
       2
       7
       6
       3
       4
       7
      13
      10
      17
      24
      36
      51
      73
      77
      81
      93
     105
     116
      96
     108
      86
      49
      44
      21
      21
      10
       1
       1
       3
       1
       1
       1
       0
       1
       2
       0
       1
       2
       1
       1
       1
       0
       1
       0
       0
       0
       1
       3
       2
       2
       1
       2
       1
       0
       2
       4
       3
       2
       1
       2
       3
       1
       3
       2
       3
       5
       4
       8
       4
       6
      12
      10
      19
      26
      29
      26
      20
      29
      17
      25
      26
      16
      20
       9
      10
       6
       9
       4
       5
       0
       1
       2
       3
       0
       1
       2
       4
       4
       1
       7
       6
       5
       7
       7
      10
      14
      19
      18
      39
      38
      57
      66
      75
      97
      85
      91
      80
      63
      47
      44
      21
      18
      10
       0
       6
       3
       1
       2
       0
       3
       4
       5
       1
       4
       0
       3
       0
       1
       3
       1
       6
       1
       2
       2
       3
       1
       5
       1
       1
       2
       3
       4
       3
       3
       5
       1
       3
       5
       1
       0
       1
       3
       4
       3
       2
       8
       4
       2
       2
       3
       6
       4
       7
       7
      13
       6
       9
       9
      11
      12
      12
       5
      11
      16
      14
      31
      32
      48
      50
      63
      84
      96
      95
      91
      78
      68
      58
      40
      28
      21
      12
      12
       7
       3
       5
      10
       4
       5
       1
       7
       6
       5
       1
       2
       1
       0
       4
       2
       0
       2
       3
       1
       2
       4
       3
       2
       0
       2
       0
       5
       1
       1
       2
       1
       2
       1
       1
       1
       3
       3
       2
       3
       0
       2
       2
       1
       0
       0
       2
       2
       2
       1
       3
       2
       1
       2
       1
       0
       1
       1
       0
       0
       0
       1
       2
       0
       2
       1
       2
       1
       2
       3
       2
       0
       1
       5
       1
       1
       7
       8
      11
       6
       4
       4
       3
       0
       0
       0
       1
       0
       0
       0
       0
       0
       2
       1
       0
       0
       0
       0
       1
       0
       0
       0
       0
       0
       1
       0
       0
       0
       0
       0
       0
       0
       0
       0
       0
       0
       0
       1
       0
       0
       0
       0
       0
       0
       1
       0
       0
       0
       0
       0
       0
       0
       1
       0
       0
       0
       0
       0
       0
       0
       0
       0
       0
       0
       0
       0
       0
       0
       0
       0
       0
       0
       0
       1
       0
       0
       0
       0
       0
       0
       0
       0
       0
       0
       0
       0
       1
       0
       1
       0
       0
       0
       0
       1
       0
       0
       1
       0
       0
       1
       0
       0
       0
       0
       0
       0
       0
       0
       0
       1
       0
       0
       0
       1
       0
       0
       0
       0
       0
       1
       0
       0
       0
       0
       0
       0
       1
       0
       0
       1
       0
       0
       0
       0
       2
       0
       0
       1
       0
       0
       0
       0
       0
       0
       0
       0
       0
       0
       0
       0
       2
       0
       0
       0
       0
       0
       1
       1
       0
       1
       0
       0
       0
       3
       0
       2
       0
       1
       0
       1
       0
       1
       1
       0
       0
       0
       0
       0
       0
       0
       1
       0
       0
       1
       0
       1
       5
       0
       1
       0
       0
       0
       2
       0
       3
       0
       1
       0
       1
       1
       1
       0
       4
       0
       0
       1
       2
       1
       4
       5
       3
       0
       1
       4
       6
       5
       9
      15
      21
      19
      41
      48
      63
      53
      53
      72
      63
      39
      32
      24
      11
       6
       2
       2
       1
       0
       0
       0
       1
       0
       0
       0
       0
       0
       0
       0
       0
       0
       0
       0
       1
       0
       0
       0
       1
       0
       0
       0
       0
       1
       1
       0
       0
       0
       0
       0
       0
       0
       0
       0
       1
       2
       0
       1
       0
       2
       0
       0
       0
       4
       1
       0
       0
       0
       1
       1
       1
       4
       3
       0
       2
       2
       2
       2
       1
      11
       4
       9
      12
      10
       4
       2
       2
       3
       1
       2
       2
       2
       5
       1
       2
       1
       4
       1
       0
       2
       0
       1
       1
       0
       0
       0
       1
       1
       1
       2
       1
       0
       1
       0
       0
       1
       0
       0
       0
       1
       0
       0
       0
       1
       0
       0
       0
       0
       1
       0
       0
       0
       0
       0
       0
       0
       0
       0
       2
       0
       0
       0
       0
       0
       0
       0
       0
       0
       0
       0
       0
       0
       0
       0
       0
       1
       0
       0
       0
       0
       0
       0
       0
       0
       0
       0
       0
       0
       0
       0
       0
       0
       0
       0
       0
       0
       0
       0
       0
       0
       0
       0
       0
       0
       0
       0
       0
       0
       0
       0
       0
       0
       0
       0
       0
       0
       0
       0
       0
       0
       0
       0
       0
       0
       0
       0
       0
       0
       0
       0
       0
       0
       0
       0
       0
       0
       0
       0
       0
       0
       0
       0
       0
       0
       0
       0
       0
       0
       0
       0
       0
       0
       0
       0
       0
       0
       0
       0
       0
       0
       0
       0
       0
       0
       0
       0
       0
       0
       0
       0
       0
       0
       0
       0
       0
       0
       0
       0
       0
       0
       0
       0
       0
       0
       0
       0
       0
       0
       0
       0
       0
       0
       0
       0
       0
       0
       0
       0
       0
       0
       0
       0
       0
       0
       0
       0
       0
       0
       0
       0
       0
       0
       0
       0
       0
       0
       0
       0
       0
       0
       0
       0
       0
       0
       0
       0
       0
       0
       0
       0
       0
       0
       0
       0
       0
       0
       0
       0
       0
       0
       0
       0
       0
       0
       0
       0
       0
       0
       0
       0
       0
       0
       0
       0
       0
       0
       0
       0
       0
       0
       0
       0
       0
       0
       0
       0
       0
       0
       0
       0
       0
       0
       0
       0
       0
       0
       0
       0
       0
       0
       0
       0
       0
       0
       0
       0
       0
       0
       0
       0
       0
       0
       0
       0
       0
       0
       0
       0
       0
       0
       0
       0
       0
       0
       0
       0
       0
       0
       0
       0
       0
       0
       0
       0
       0
       0
       0
       0
       0
       0
       0
       0
       0
       0
       0
       0
       0
       0
       0
       0
       0
       0
       0
       0
       0
       0
       0
       0
       0
       0
       0
       0
       0
       0
       0
       0
       0
       0
       0
       0
       0
       0
       0
       0
       0
       0
       0
       0
       0
       0
       0
       0
       0
       0
       0
       0
       0
       0
       0
       0
       0
       0
       0
       0
       0
       0
       0
       0
       0
       0
       0
       0
       0
       0
       0
       0
       0
       0
       0
       0
       0
       0
       0
       0
       0
       0
       0
       0
       0
       0
       0
       0
       0
       0
       0
       0
       0
       0
       0
       0
       0
       0
       0
       0
       0
       0
       0
       0
       0
       0
       0
       0
       0
       0
       0
       0
       0
       0
       0
       0
       0
       0
       0
       0
       0
       0
       0
       0
       0
       0
       0
       0
       0
       0
       0
       0
       0
       0
       0
       0
       0
       0
       0
       0
       0
       0
       0
       0
       0
       0
       0
       0
       0
       0
       0
       0
       0
       0
       0
       0
       0
       0
       0
       0
       0
       0
       0
       0
       0
       0
       0
       0
       0
       0
       0
       0
       0
       0
       0
       0
       0
       0
       0
       0
       0
       0
       0
       0
       0
       0
       0
       0
       0
       0
       0
       0
       0
       0
       0
       0
       0
       0
       0
       0
       0
       0
       0
       0
       0
       0
       0
       0
       0
       0
       0
       0
       0
       0
       0
       0
       0
       0
       0
       0
       0
       0
       0
       0
       0
       0
       0
       0
       0
       0
       0
       0
       0
       0
       0
       0
       0
       0
       0
       0
       0
       0
       0
       0
       0
       0
       0
       0
       0
       0
       0
       0
       0
       0
       0
       0
       0
       0
       0
       0
       0
       0
       0
       0
       0
       0
       0
       0
       0
       0
       0
       0
       0
       0
       0
       0
       0
       0
       0
       0
       0
       0
       0
       0
       0
       0
       0
       0
       0
       0
       0
       0
       0
       0
       0
       0
       0
       0
       0
       0
       0
       0
       0
       0
       0
       0
       0
       0
       0
       0
       0
       0
       0
       0
       0
       0
       0
       0
       0
       0
       0
       0
       0
       0
       0
       0
       0
       0
       0
       0
       0
       0
       0
       0
       0
       0
       0
       0
       0
       0
       0
       0
       0
       0
       0
       0
       0
       0
       0
       0
       0
       0
       0
       0
       0
       0
       0
       0
       0
       0
       0
       0
       0
       0
       0
       0
       0
       0
       0
       0
       0
       0
       0
       0
       0
       0
       0
       0
       0
       0
       0
       0
       0
       0
       0
       0
       0
       0
       0
       0
       0
       0
       0
       0
       0
       0
       0
       0
       0
       0
       0
       0
       0
       0
       0
       0
       0
       0
       0
       0
       0
       0
       0
       0
       0
       0
       0
       0
       0
       0
       0
       0
       0
       0
$ROI:
4
803 815
842 854
1296 1317
1587 1590
$PRESETS:
Real Time
14400
0
$ENER_FIT:
-18.576502 6.711768
$MCA_CAL:
3
-1.857650E+001 6.711768E+000 9.444169E-006 KeV
$SHAPE_CAL:
3
-9.428778E-001 9.253461E-003 -3.762110E-006
