$SPEC_ID:
No sample description was entered.
$SPEC_REM:
DET# 1
DETDESC# YESUM2222 MCB 25
AP# Maestro Version 6.06
$DATE_MEA:
06/14/2016 16:56:42
$MEAS_TIM:
2466 2467
$DATA:
0 2047
       0
       0
       0
       0
       0
       0
       0
       0
       0
       0
       0
       0
       0
      10
    2346
    3114
    2595
    2204
    1773
    1702
    1544
    1528
    1482
    1428
    1553
    2107
    2261
    1513
    1005
     823
     756
     705
     674
     591
     584
     557
     511
     531
     400
     336
     257
     241
     256
     201
     201
     217
     161
     146
     122
     123
     116
      98
      86
      90
      81
      69
      70
      52
      54
      58
      51
      42
      41
      45
      35
      32
      17
      31
      32
      22
      26
      27
      16
      12
      25
      14
      16
      15
       8
      12
      11
      14
      10
      11
      14
       8
      10
       4
       8
       7
      10
      12
       7
      11
      10
      11
       4
       4
       8
      10
       7
       2
       4
       5
       8
       9
       8
       9
       6
       9
       7
       4
       5
       6
       8
       7
       4
       7
       8
       4
       9
       5
       7
      11
       4
       6
       5
       4
      11
       6
       8
       3
      11
       3
       6
       9
       5
       7
      11
       8
       9
       2
       4
       8
       6
       5
      12
       4
       8
       5
       4
       3
       6
       4
       6
      12
       3
       9
       4
       6
       8
       4
       8
       7
       7
       6
       8
       3
       8
       9
       5
       6
       6
       6
       5
      11
       9
       6
       7
       4
       9
       8
       8
       6
       7
       5
       6
       7
       3
       6
       6
       6
       7
      10
       9
      10
       7
       4
       8
       8
       9
       6
       6
      11
       9
       9
       9
       7
       7
       7
       7
       8
       5
       7
       5
       5
       5
       9
       9
       4
       9
       4
       5
      12
       3
       6
       7
       8
       8
       7
       8
       8
       5
       8
       7
       9
       4
       5
       5
       8
       8
       3
       5
       8
       4
      11
       7
       8
       5
       6
       3
       8
       9
       6
       6
      11
      10
       8
       8
       7
       7
      11
       7
       5
      10
       4
       6
       7
       8
       9
       8
       8
       6
       4
       5
       7
       6
       4
       8
      10
       9
       8
       6
       6
       9
       6
      10
       9
       3
       6
       9
       5
       7
      12
       5
       6
      12
       7
       6
       7
      14
       9
       6
       8
       5
       9
       9
       9
       8
       9
      13
       4
       8
       7
       6
       8
       9
      13
       4
       9
       9
      11
       6
       7
       5
       5
      10
      12
       6
       8
       6
      10
       9
       7
       9
       5
       6
       9
       7
       7
       5
       4
       6
      10
       6
       6
       6
       6
      10
      10
       4
      13
       2
      10
       7
      10
       7
       5
       3
      12
       8
       7
      11
       2
      10
       8
       7
       7
       8
       7
       7
       6
       9
       7
       5
      11
       8
       6
       7
      11
       8
       9
       8
      12
       9
       7
      12
       6
       6
      10
      11
      10
       8
       6
       8
       3
       8
       7
      10
       8
       7
       6
       3
       9
       4
      11
      11
      12
      12
      13
       8
       5
       6
       7
       9
       8
      10
       5
      13
       7
       5
       6
       6
      11
       5
       5
       4
       6
       7
       6
      12
       3
       8
       7
       8
       4
       6
      11
      10
       9
      12
       9
       7
      16
       7
       6
       8
       5
       7
       4
       8
       5
       5
       6
       7
       8
       3
       5
       6
       6
       6
      10
      12
       9
       5
       8
       9
      10
       7
       7
      11
       9
       5
      12
       8
       6
       8
       9
       8
      10
       5
       9
       9
       8
       9
       9
       7
       5
       5
      10
       7
       5
       2
       9
       7
      11
      10
       8
       8
      11
      10
       9
       4
       7
      12
      10
       9
      11
       3
       5
      11
       6
      10
       8
       9
       8
       5
       5
       7
       7
       9
      10
       4
       7
      11
       6
       7
       7
      10
       7
      11
      17
       7
       9
       7
       7
      10
       9
       7
       8
      14
      11
       8
      13
       9
       6
      12
       7
      12
       3
       7
      11
       1
      10
       8
      10
       9
       5
      10
       9
       7
       4
      16
       8
       9
       4
      11
       5
       9
       8
      11
      11
      10
      16
       3
      12
       9
       9
       6
      12
       5
       9
      11
      15
       9
       8
      14
       8
      12
      13
       8
       9
       9
       9
      15
      14
      10
       7
      10
      17
      10
      12
       7
      11
      11
       9
       5
       6
       8
       7
      11
       9
      12
      11
       7
       9
       7
      11
      16
      14
      10
       7
      17
       9
       4
      13
      11
       7
      10
      10
      14
       9
       8
      11
      10
       6
      10
      14
      15
       9
       8
      14
      11
       9
      20
       7
      11
      14
      17
      11
      17
      10
      10
      12
      10
      14
       8
      11
      13
      14
       8
      11
      18
      10
      11
      13
       6
      15
      12
      13
       9
       7
      14
      11
      11
      16
       6
      18
      18
       7
      12
      15
      14
       2
      11
       7
      13
      12
      14
      11
      17
      19
      12
      14
      10
       6
      12
      13
      21
      13
      14
      20
      11
      11
      12
      16
      19
      20
      14
      20
      15
      19
      13
      15
      10
      15
      10
      11
      19
      19
      19
      16
      15
      20
      10
      11
      18
      19
      14
      14
      13
      18
      22
      18
      17
      17
      16
      19
      20
      18
      24
      14
      14
      22
      13
      27
      14
      19
      16
      16
      17
      14
      10
      21
      21
      12
      32
      19
      22
      24
      19
      23
      23
      21
      24
      24
      15
      27
      32
      23
      21
      34
      31
      43
      34
      38
      29
      29
      34
      49
      38
      38
      45
      35
      34
      41
      58
      55
      66
      67
      75
      99
     105
     190
     226
     360
     541
     745
     837
     653
     316
     182
     188
     192
     267
     349
     519
     829
    1328
    1868
    2267
    1893
    1010
     421
     196
     124
      92
      38
      17
      20
      36
      26
      19
      22
      28
      26
      30
      23
      30
      43
      50
      29
      46
      51
      68
      80
      70
      79
     108
     125
     136
     177
     245
     304
     408
     676
    1034
    1659
    2285
    2752
    2443
    1374
     468
      96
      17
       9
       9
      13
      15
      15
      31
      31
      19
      20
      18
       7
      14
       9
       7
      16
      13
       9
      17
      18
      16
      14
      10
       9
      16
      15
      13
      17
      16
      25
      19
      14
      19
      16
      27
      21
      22
      26
      31
      46
      40
      43
      70
      79
      99
     158
     228
     328
     489
     502
     498
     380
     225
     190
     200
     219
     179
     127
      67
      26
      25
      25
      14
      26
      27
      29
      44
      37
      37
      40
      47
      67
      61
      76
      88
     121
     127
     157
     209
     328
     475
     677
    1047
    1580
    2217
    2268
    1660
     895
     292
      61
      28
      21
      13
      10
       5
       8
       7
       4
       8
       7
       8
       3
       6
      10
       8
      11
       7
       7
       4
      10
      10
      10
      10
       6
      12
       8
      12
       8
       7
       8
      17
       9
      16
      19
      12
       9
      13
      12
      21
      10
      17
      13
      13
      15
      18
      30
      19
      28
      34
      24
      47
      39
      42
      48
      52
      68
      87
      83
     120
     144
     157
     218
     329
     526
     796
    1220
    1782
    2204
    2185
    1608
     820
     323
      88
      45
      39
      17
      15
       2
       1
       0
       1
       4
       0
       0
       1
       0
       0
       1
       0
       2
       1
       2
       1
       0
       3
       1
       0
       0
       2
       0
       0
       0
       1
       1
       0
       1
       0
       0
       1
       1
       4
       2
       1
       1
       0
       3
       1
       2
       1
       0
       2
       1
       0
       3
       2
       3
       2
       1
       0
       0
       1
       1
       2
       0
       3
       1
       1
       2
       1
       1
       0
       0
       0
       1
       0
       4
       3
       0
       0
       1
       0
       3
       2
       0
       3
       0
       2
       1
       1
       1
       2
       2
       5
       2
       0
       1
       2
       3
       1
       1
       1
       1
       0
       1
       2
       0
       1
       0
       1
       0
       2
       0
       1
       1
       2
       0
       2
       3
       1
       1
       2
       0
       1
       1
       2
       1
       3
       2
       2
       4
       0
       2
       2
       0
       1
       1
       1
       0
       0
       2
       0
       2
       1
       0
       1
       1
       1
       2
       1
       2
       2
       3
       3
       2
       2
       4
       4
       0
       1
       2
       2
       2
       2
       2
       2
       2
       1
       1
       1
       1
       1
       0
       1
       2
       4
       2
       3
       2
       3
       2
       0
       3
       0
       5
       0
       2
       3
       3
       1
       2
       3
       2
       2
       5
       2
       0
       2
       4
       1
       3
       2
       3
       3
       2
       4
       2
       1
       3
       0
       1
       4
       2
       3
       3
       0
       3
       1
       4
       2
       2
       2
       1
       3
       2
       3
       6
       2
       2
       3
       4
       2
       2
       5
       1
       9
       4
       3
       2
       4
       3
       4
       1
       3
       4
       3
       3
       3
       4
       1
       1
       8
      12
       7
       1
       3
       9
       1
       4
       5
       3
       4
       4
       8
       4
       3
       3
       7
      13
       7
       7
       5
       8
       6
      12
      13
      10
      10
      13
      20
      16
      22
      29
      21
      23
      25
      48
      45
      61
      76
     126
     196
     244
     429
     678
     985
    1252
    1253
     906
     417
     102
      32
      19
      20
      23
      14
      11
      16
       9
      11
      10
       7
       4
      14
       6
       5
       4
       2
       2
       5
       4
       3
       3
       4
       4
       1
       2
       4
       2
       5
       3
       1
       5
       2
       0
       2
       2
       2
       1
       0
       0
       0
       1
       1
       0
       0
       1
       1
       0
       0
       0
       1
       0
       0
       0
       0
       0
       0
       0
       0
       0
       0
       0
       0
       0
       1
       0
       0
       0
       0
       0
       0
       0
       0
       0
       0
       0
       0
       0
       0
       0
       0
       0
       1
       0
       0
       0
       0
       0
       0
       0
       0
       0
       0
       0
       0
       0
       0
       0
       0
       0
       0
       0
       0
       0
       0
       0
       0
       0
       0
       0
       0
       0
       0
       0
       0
       0
       0
       0
       0
       0
       0
       0
       0
       0
       0
       0
       0
       0
       0
       0
       0
       0
       0
       0
       0
       0
       0
       0
       0
       0
       0
       0
       0
       0
       0
       0
       0
       0
       0
       0
       0
       0
       0
       0
       0
       0
       0
       0
       0
       0
       0
       0
       0
       0
       0
       0
       0
       0
       0
       0
       0
       0
       0
       0
       0
       0
       0
       0
       0
       0
       0
       0
       0
       0
       0
       0
       0
       0
       0
       0
       0
       0
       0
       0
       0
       0
       0
       0
       0
       0
       0
       0
       0
       0
       0
       0
       0
       0
       0
       0
       0
       0
       0
       0
       0
       0
       0
       0
       0
       0
       0
       0
       0
       0
       0
       0
       0
       0
       0
       0
       0
       0
       0
       0
       0
       0
       0
       0
       0
       0
       0
       0
       0
       0
       0
       0
       0
       0
       0
       0
       0
       0
       0
       0
       0
       0
       0
       0
       0
       0
       1
       0
       0
       0
       0
       0
       0
       0
       0
       0
       0
       0
       0
       0
       0
       0
       0
       0
       0
       0
       0
       0
       0
       1
       0
       0
       0
       0
       0
       0
       0
       0
       0
       0
       0
       0
       0
       0
       0
       0
       0
       0
       0
       0
       0
       0
       0
       0
       0
       0
       0
       0
       0
       0
       0
       0
       0
       0
       0
       0
       0
       0
       0
       0
       0
       0
       0
       0
       0
       0
       0
       0
       0
       0
       0
       0
       0
       0
       0
       0
       0
       0
       0
       0
       0
       0
       0
       0
       0
       0
       0
       0
       0
       0
       0
       0
       0
       0
       0
       0
       0
       0
       0
       0
       0
       0
       0
       0
       0
       0
       0
       0
       0
       0
       0
       0
       0
       0
       0
       0
       0
       0
       0
       0
       0
       0
       0
       0
       0
       0
       0
       0
       0
       0
       0
       0
       0
       0
       0
       0
       0
       0
       0
       0
       0
       0
       0
       0
       0
       0
       0
       0
       0
       0
       0
       0
       0
       0
       0
       0
       0
       0
       0
       0
       0
       0
       0
       0
       0
       0
       0
       0
       0
       0
       0
       0
       0
       0
       0
       0
       0
       0
       0
       0
       0
       0
       0
       0
       0
       0
       0
       0
       0
       0
       0
       0
       0
       0
       0
       0
       0
       0
       0
       0
       0
       0
       0
       0
       0
       0
       0
       0
       0
       0
       0
       0
       0
       0
       0
       0
       0
       0
       0
       0
       0
       0
       0
       0
       0
       0
       0
       0
       0
       0
       0
       0
       0
       0
       0
       0
       0
       0
       0
       0
       0
       0
       0
       0
       0
       0
       0
       0
       0
       0
       0
       0
       0
       0
       0
       0
       0
       0
       0
       0
       0
       0
       0
       0
       0
       0
       0
       0
       0
       0
       0
       0
       0
       0
       0
       0
       0
       0
       0
       0
       0
       0
       0
       0
       0
       0
       0
       0
       0
       0
       0
       0
       0
       0
       0
       0
       0
       0
       0
       0
       0
       0
       0
       0
       0
       0
       0
       0
       0
       0
       0
       0
       0
       0
       0
       0
       0
       0
       0
       0
       0
       0
       0
       0
       0
       0
       0
       0
       0
       0
       0
       0
       0
       0
       0
       0
       0
       0
       0
       0
       0
       0
       0
       0
       0
       0
       0
       0
       0
       0
       0
       0
       0
       0
       0
       0
       0
       0
       0
       0
       0
       0
       0
       0
       0
       0
       0
       0
       0
       0
       0
       0
       0
       0
       0
       0
       0
       0
       0
       0
       0
       0
       0
       0
       0
       0
       0
       0
       0
       0
       0
       0
       0
       0
       0
       0
       0
       0
       0
       0
       0
       0
       0
       0
       0
       0
       0
       0
       0
       0
       0
       0
       0
       0
       0
       0
       0
       0
       0
       0
       0
       0
       0
       0
       0
       0
       0
       0
       0
       0
       0
       0
       0
       0
       0
       0
       0
       0
       0
       0
       0
       0
       0
       0
       0
       0
       0
       0
       0
       0
       0
       0
       0
       0
       0
       0
       0
       0
       0
       0
       0
       0
       0
       0
       0
       0
       0
       0
       0
       0
$ROI:
7
803 815
842 854
899 907
930 944
1002 1017
1296 1317
1587 1590
$PRESETS:
Real Time
14400
0
$ENER_FIT:
-18.576502 6.711768
$MCA_CAL:
3
-1.857650E+001 6.711768E+000 9.444169E-006 KeV
$SHAPE_CAL:
3
-9.428778E-001 9.253461E-003 -3.762110E-006
