$SPEC_ID:
No sample description was entered.
$SPEC_REM:
DET# 1
DETDESC# YESUM2222 MCB 25
AP# Maestro Version 6.06
$DATE_MEA:
06/16/2016 12:40:19
$MEAS_TIM:
1047 1047
$DATA:
0 2047
       0
       0
       0
       0
       0
       0
       0
       0
       0
       0
       0
       0
       0
       1
     173
     208
     176
     168
     158
     188
     141
     124
     132
     149
     209
     207
     146
     112
      89
      78
      72
      77
      59
      45
      64
      57
      46
      57
      38
      37
      20
      26
      24
      23
      14
      15
      12
       9
      14
      11
      15
      11
      13
       5
       9
       6
       6
       8
       3
       3
       6
       7
       6
       3
       3
       3
       1
       0
       1
       4
       2
       2
       1
       4
       2
       2
       0
       1
       1
       2
       3
       0
       2
       1
       0
       2
       1
       1
       1
       0
       2
       0
       1
       0
       2
       2
       1
       2
       2
       0
       0
       3
       1
       0
       0
       0
       0
       2
       0
       0
       0
       0
       1
       1
       0
       0
       1
       2
       0
       1
       1
       2
       0
       1
       0
       0
       0
       0
       1
       0
       0
       1
       0
       1
       0
       0
       0
       0
       0
       0
       1
       0
       1
       1
       0
       1
       1
       1
       1
       0
       1
       1
       0
       1
       0
       0
       1
       2
       0
       0
       1
       0
       0
       0
       1
       1
       1
       1
       0
       1
       1
       1
       0
       0
       2
       0
       1
       1
       1
       0
       0
       3
       1
       1
       1
       2
       0
       2
       0
       1
       1
       3
       1
       0
       2
       0
       0
       0
       1
       2
       1
       0
       0
       2
       1
       0
       1
       0
       0
       0
       2
       0
       0
       1
       0
       3
       0
       0
       0
       0
       0
       2
       0
       1
       1
       0
       4
       0
       0
       0
       0
       0
       1
       0
       1
       3
       0
       3
       1
       0
       2
       2
       0
       0
       1
       0
       2
       2
       3
       1
       0
       0
       2
       1
       0
       0
       0
       0
       2
       0
       0
       2
       2
       0
       1
       0
       1
       2
       0
       0
       1
       0
       2
       1
       2
       1
       0
       2
       1
       0
       5
       0
       1
       1
       1
       1
       2
       0
       1
       1
       1
       1
       1
       1
       1
       1
       1
       1
       1
       0
       0
       3
       0
       0
       1
       0
       2
       2
       1
       1
       1
       1
       1
       2
       1
       3
       0
       1
       1
       2
       1
       1
       0
       1
       0
       0
       1
       3
       3
       2
       1
       1
       1
       1
       0
       1
       2
       1
       0
       1
       1
       1
       3
       2
       0
       2
       4
       0
       0
       3
       3
       2
       4
       1
       1
       1
       1
       1
       0
       1
       2
       1
       2
       2
       1
       1
       2
       1
       1
       0
       1
       1
       2
       0
       3
       0
       1
       3
       2
       1
       2
       0
       2
       1
       0
       2
       2
       3
       3
       1
       2
       3
       2
       1
       0
       1
       2
       4
       1
       2
       2
       5
       3
       4
       4
       2
       7
       3
       4
       9
       7
       9
       9
       5
      10
      11
       6
       9
      17
      14
      14
      26
      24
      19
      23
      18
      20
      18
      42
      24
      28
      29
      27
      28
      29
      36
      33
      37
      39
      43
      29
      30
      41
      37
      43
      37
      57
      44
      42
      42
      44
      37
      33
      28
      20
      26
      16
      16
      15
      18
      13
      14
      10
      11
      10
       4
       4
       3
       4
       2
       2
       3
       5
       4
       3
       2
       1
       3
       5
       7
       5
       7
       7
       6
       7
       7
      12
      13
      19
      27
      16
      24
      26
      32
      30
      33
      53
      48
      33
      46
      57
      70
      59
      64
      54
      51
      49
      42
      52
      35
      31
      37
      35
      26
      17
      15
      17
      10
      12
       4
       6
       1
       1
       0
       0
       2
       4
       3
       1
       0
       0
       3
       1
       2
       2
       1
       0
       0
       2
       0
       1
       0
       1
       1
       1
       1
       1
       0
       1
       0
       0
       4
       4
       3
       4
       3
       2
       4
       3
       2
       4
       5
       4
       8
       6
       3
       4
       2
       5
       4
       9
      10
      10
      17
      11
      15
      12
      25
      17
      18
      19
      25
      14
       9
      11
      11
      14
      13
      12
       8
       9
       8
       6
       4
       3
       2
       3
       9
       3
       5
       5
       1
       1
       3
       4
       3
      10
       7
      10
       4
      11
      15
      13
      11
      16
      24
      20
      24
      15
      31
      35
      39
      39
      49
      47
      41
      38
      46
      42
      54
      48
      41
      30
      36
      27
      29
      24
      16
      15
      10
       8
       2
       7
       3
       2
       3
       1
       2
       4
       1
       0
       1
       4
       2
       1
       1
       0
       1
       1
       1
       1
       1
       0
       4
       0
       0
       2
       4
       0
       2
       5
       1
       4
       2
       1
       2
       1
       0
       0
       2
       0
       3
       2
       1
       2
       2
       2
       3
       4
       3
       4
       0
       1
       2
       2
       3
       3
       1
       6
       3
       1
       4
       4
       4
      12
       4
      15
      12
      18
      23
      22
      18
      19
      42
      36
      36
      48
      43
      37
      49
      45
      57
      52
      55
      34
      49
      38
      32
      28
      26
      14
      17
      14
      15
      11
       8
       0
       8
       4
       6
       3
       3
       4
       4
       3
       0
       1
       1
       1
       0
       0
       1
       0
       2
       1
       0
       0
       0
       1
       0
       2
       3
       0
       2
       2
       0
       2
       1
       1
       1
       0
       2
       1
       2
       1
       1
       0
       1
       0
       3
       2
       2
       1
       1
       0
       3
       1
       2
       2
       3
       0
       1
       1
       3
       2
       2
       1
       1
       0
       1
       1
       2
       2
       1
       2
       0
       1
       0
       1
       2
       1
       0
       1
       1
       3
       1
       0
       2
       1
       4
       1
       2
       1
       1
       0
       3
       0
       3
       0
       1
       0
       1
       2
       1
       3
       0
       2
       1
       1
       0
       1
       2
       0
       1
       1
       2
       2
       2
       2
       3
       5
       2
       1
       2
       1
       3
       3
       2
       2
       3
       0
       2
       3
       1
       2
       2
       2
       1
       2
       0
       1
       1
       1
       2
       2
       1
       2
       2
       3
       2
       3
       3
       4
       3
       2
       2
       3
       1
       0
       3
       2
       2
       3
       3
       1
       2
       4
       3
       1
       2
       6
       4
       4
       4
       6
       6
      10
       5
       8
       7
       1
       4
       4
       5
       4
       1
       5
       1
       3
       1
       5
       1
       2
       2
       2
       2
       4
       0
       5
       2
       2
       1
       2
       3
       4
       2
       1
       1
       2
       1
       2
       0
       0
       4
       0
       4
       0
       0
       1
       0
       1
       2
       1
       0
       0
       0
       1
       1
       1
       0
       0
       2
       1
       1
       1
       1
       2
       3
       0
       1
       4
       2
       0
       0
       2
       1
       0
       2
       0
       1
       0
       0
       3
       1
       1
       1
       1
       0
       0
       0
       0
       1
       2
       1
       0
       2
       1
       3
       6
       2
       0
       0
       1
       1
       4
       3
       0
       1
       2
       2
       3
       6
       8
       6
       4
       2
       2
       2
       0
       1
       1
       0
       5
       1
       1
       0
       1
       2
       0
       0
       0
       0
       0
       0
       1
       0
       0
       1
       1
       0
       1
       1
       0
       0
       0
       1
       0
       0
       0
       2
       0
       0
       0
       0
       2
       1
       1
       2
       3
       3
       2
       3
       1
       2
       1
       4
       6
       6
      16
      16
      11
      17
      16
      17
      22
      22
      43
      34
      35
      33
      44
      40
      37
      36
      29
      20
      21
      19
      13
       8
      12
       3
       5
       4
       1
       1
       1
       0
       0
       2
       0
       0
       0
       0
       0
       0
       0
       0
       0
       0
       0
       0
       0
       0
       0
       0
       0
       1
       0
       0
       0
       0
       0
       0
       0
       0
       0
       0
       0
       0
       0
       0
       0
       0
       0
       0
       0
       0
       0
       0
       0
       0
       0
       0
       0
       0
       0
       0
       0
       0
       0
       0
       0
       0
       0
       0
       0
       0
       0
       0
       0
       0
       0
       0
       1
       0
       0
       1
       0
       0
       0
       0
       0
       0
       0
       0
       0
       0
       0
       0
       0
       0
       0
       0
       0
       0
       0
       0
       0
       0
       0
       1
       0
       0
       0
       0
       0
       1
       0
       0
       0
       0
       0
       0
       0
       0
       0
       0
       0
       1
       0
       0
       0
       0
       0
       0
       0
       0
       0
       0
       0
       0
       0
       0
       0
       0
       0
       0
       0
       0
       0
       0
       0
       0
       0
       0
       0
       0
       0
       0
       0
       0
       0
       0
       0
       0
       0
       0
       0
       0
       0
       0
       0
       0
       0
       0
       0
       0
       0
       1
       0
       2
       0
       1
       0
       0
       0
       0
       2
       1
       0
       2
       0
       1
       1
       0
       0
       0
       0
       0
       0
       0
       3
       1
       0
       2
       1
       0
       2
       2
       0
       1
       1
       1
       0
       1
       0
       2
       0
       1
       0
       4
       5
       0
       0
       4
       4
       2
       3
       6
       6
       8
      11
       7
       1
       3
       2
       1
       2
       2
       1
       0
       2
       2
       1
       3
       1
       0
       2
       1
       2
       1
       0
       3
       1
       0
       2
       2
       1
       0
       0
       0
       0
       0
       1
       0
       0
       0
       0
       0
       0
       0
       0
       0
       0
       0
       0
       1
       0
       1
       0
       0
       0
       0
       0
       0
       0
       0
       0
       0
       0
       0
       0
       0
       0
       0
       0
       0
       0
       0
       0
       0
       0
       0
       0
       0
       0
       0
       0
       0
       0
       0
       0
       0
       0
       0
       0
       0
       0
       0
       0
       0
       0
       0
       0
       0
       0
       0
       0
       0
       0
       0
       0
       0
       0
       0
       0
       0
       0
       0
       0
       0
       0
       0
       0
       0
       0
       0
       0
       0
       0
       0
       0
       0
       0
       0
       0
       0
       0
       0
       0
       0
       0
       0
       0
       0
       0
       0
       0
       0
       0
       0
       0
       0
       0
       0
       0
       0
       0
       0
       0
       0
       0
       0
       0
       0
       0
       0
       0
       0
       0
       0
       0
       0
       0
       0
       0
       0
       0
       0
       0
       0
       0
       0
       0
       0
       0
       0
       0
       0
       0
       0
       0
       0
       0
       0
       0
       0
       0
       0
       0
       0
       0
       0
       0
       0
       0
       0
       0
       0
       0
       0
       0
       0
       0
       0
       0
       0
       0
       0
       0
       0
       0
       0
       0
       0
       0
       0
       0
       0
       0
       0
       0
       0
       0
       0
       0
       0
       0
       0
       0
       0
       0
       0
       0
       0
       0
       0
       0
       0
       0
       0
       0
       0
       0
       0
       0
       0
       0
       0
       0
       0
       0
       0
       0
       0
       0
       0
       0
       0
       0
       0
       0
       0
       0
       0
       0
       0
       0
       0
       0
       0
       0
       0
       0
       0
       0
       0
       0
       0
       0
       0
       0
       0
       0
       0
       0
       0
       0
       0
       0
       0
       0
       0
       0
       0
       0
       0
       0
       0
       0
       0
       0
       0
       0
       0
       0
       0
       0
       0
       0
       0
       0
       0
       0
       0
       0
       0
       0
       0
       0
       0
       0
       0
       0
       0
       0
       0
       0
       0
       0
       0
       0
       0
       0
       0
       0
       0
       0
       0
       0
       0
       0
       0
       0
       0
       0
       0
       0
       0
       0
       0
       0
       0
       0
       0
       0
       0
       0
       0
       0
       0
       0
       0
       0
       0
       0
       0
       0
       0
       0
       0
       0
       0
       0
       0
       0
       0
       0
       0
       0
       0
       0
       0
       0
       0
       0
       0
       0
       0
       0
       0
       0
       0
       0
       0
       0
       0
       0
       0
       0
       0
       0
       0
       0
       0
       0
       0
       0
       0
       0
       0
       0
       0
       0
       0
       0
       0
       0
       0
       0
       0
       0
       0
       0
       0
       0
       0
       0
       0
       0
       0
       0
       0
       0
       0
       0
       0
       0
       0
       0
       0
       0
       0
       0
       0
       0
       0
       0
       0
       0
       0
       0
       0
       0
       0
       0
       0
       0
       0
       0
       0
       0
       0
       0
       0
       0
       0
       0
       0
       0
       0
       0
       0
       0
       0
       0
       0
       0
       0
       0
       0
       0
       0
       0
       0
       0
       0
       0
       0
       0
       0
       0
       0
       0
       0
       0
       0
       0
       0
       0
       0
       0
       0
       0
       0
       0
       0
       0
       0
       0
       0
       0
       0
       0
       0
       0
       0
       0
       0
       0
       0
       0
       0
       0
       0
       0
       0
       0
       0
       0
       0
       0
       0
       0
       0
       0
       0
       0
       0
       0
       0
       0
       0
       0
       0
       0
       0
       0
       0
       0
       0
       0
       0
       0
       0
       0
       0
       0
       0
       0
       0
       0
       0
       0
       0
       0
       0
       0
       0
       0
       0
       0
       0
       0
       0
       0
       0
       0
       0
       0
       0
       0
       0
       0
       0
       0
       0
       0
       0
       0
       0
       0
       0
       0
       0
       0
       0
       0
       0
       0
       0
       0
       0
       0
       0
       0
       0
       0
       0
       0
       0
       0
       0
       0
       0
       0
       0
       0
       0
       0
       0
       0
       0
       0
       0
       0
       0
       0
       0
       0
       0
       0
       0
       0
       0
       0
       0
       0
       0
       0
       0
       0
       0
       0
       0
       0
       0
       0
       0
       0
       0
       0
       0
       0
       0
       0
       0
       0
       0
       0
       0
       0
       0
       0
       0
       0
       0
       0
       0
       0
       0
       0
       0
       0
       0
       0
       0
       0
       0
       0
       0
       0
       0
       0
       0
       0
       0
       0
       0
       0
       0
       0
       0
       0
       0
       0
       0
       0
       0
       0
       0
       0
       0
       0
       0
       0
       0
       0
       0
       0
       0
       0
       0
       0
       0
       0
       0
       0
       0
       0
       0
       0
       0
       0
       0
       0
       0
       0
       0
       0
       0
       0
       0
       0
       0
       0
       0
$ROI:
4
803 815
842 854
1296 1317
1587 1590
$PRESETS:
Real Time
14400
0
$ENER_FIT:
-18.576502 6.711768
$MCA_CAL:
3
-1.857650E+001 6.711768E+000 9.444169E-006 KeV
$SHAPE_CAL:
3
-9.428778E-001 9.253461E-003 -3.762110E-006
